89.61	66.0	0.0	284.0	0.0	171.38	45	000-0.png
51.48	4.65	16.33	4.0	1.84	194.71	5	000-1.png
88.9	31.0	0.0	444.0	0.0	170.29	45	000-10.png
65.45	1.84	16.33	8.63	1.48	165.56	5	000-11.png
54.0	2.13	15.5	7.87	1.63	171.55	-5	000-12.png
69.73	1.71	20.5	10.24	1.13	174.16	15	000-13.png
54.29	2.44	14.75	9.61	1.77	170.93	-5	000-14.png
62.94	3.07	13.67	12.32	2.26	171.9	0	000-15.png
50.11	2.57	13.25	8.85	1.93	171.28	-30	000-16.png
78.56	2.69	13.0	31.69	1.97	169.13	-5	000-17.png
40.13	2.65	15.5	7.77	1.74	167.94	180	000-18.png
89.61	42.0	0.0	287.0	0.0	169.14	45	000-19.png
81.66	1.45	22.0	17.95	1.34	182.99	0	000-2.png
79.74	1.58	19.0	17.89	1.78	169.25	-30	000-20.png
89.53	42.0	0.0	534.0	0.0	170.08	45	000-21.png
88.96	36.0	0.0	350.0	0.0	171.68	45	000-22.png
89.24	40.0	0.0	321.0	0.0	162.82	45	000-23.png
89.67	43.0	0.0	441.0	0.0	158.97	45	000-24.png
65.23	2.54	15.33	12.35	1.55	168.45	-15	000-25.png
53.98	2.62	15.25	7.51	1.56	167.25	5	000-26.png
89.3	35.0	0.0	345.0	0.0	160.74	45	000-27.png
71.94	2.14	14.0	15.11	2.0	158.26	-5	000-28.png
59.95	1.27	17.33	9.12	1.25	164.27	-5	000-29.png
71.66	1.65	20.0	11.0	1.33	174.77	-15	000-3.png
59.82	4.77	13.0	7.74	2.06	184.84	0	000-30.png
89.68	64.0	0.0	191.0	0.0	176.29	45	000-31.png
65.17	3.0	12.33	15.24	2.0	170.67	-30	000-32.png
71.9	3.8	15.0	15.67	1.74	166.81	-15	000-33.png
30.19	3.23	13.0	5.38	2.57	164.55	-15	000-34.png
78.42	4.56	16.0	22.94	1.48	167.18	-5	000-35.png
56.28	5.63	13.67	9.37	1.89	161.88	0	000-36.png
62.96	4.22	12.33	14.62	2.31	160.74	-15	000-37.png
89.56	60.0	0.0	161.0	0.0	160.61	45	000-38.png
80.61	5.27	11.0	35.09	2.49	164.55	5	000-39.png
71.78	1.02	21.5	8.53	1.31	174.41	-5	000-4.png
79.48	3.5	14.0	31.36	1.83	158.96	180	000-40.png
24.92	4.48	12.5	6.42	1.99	157.75	-5	000-41.png
41.09	3.6	13.33	7.11	1.97	158.17	-15	000-42.png
32.84	4.08	13.0	6.9	1.8	162.14	-15	000-43.png
65.44	3.34	11.67	5.51	1.83	157.96	-30	000-44.png
78.62	1.77	13.0	35.85	1.96	148.5	-15	000-45.png
79.65	5.17	12.0	8.75	3.08	166.11	-15	000-46.png
27.23	4.99	11.43	7.26	2.05	161.5	-15	000-47.png
9.26	2.45	12.67	5.0	1.95	158.19	-15	000-48.png
69.95	5.48	13.5	12.89	2.17	152.04	-15	000-49.png
89.59	22.0	0.0	357.0	0.0	173.65	45	000-5.png
45.0	5.09	11.6	7.98	2.17	147.98	0	000-50.png
49.3	3.17	12.6	9.41	1.94	147.14	-15	000-51.png
73.36	2.77	13.0	19.38	1.98	146.54	-15	000-52.png
80.79	4.15	13.0	30.85	2.02	143.31	-15	000-53.png
50.21	3.7	13.25	8.64	2.26	143.97	-15	000-54.png
89.36	76.0	0.0	434.0	0.0	146.71	45	000-55.png
71.89	4.91	11.0	17.27	2.17	144.07	-30	000-56.png
62.92	4.28	15.67	8.45	1.57	145.15	-15	000-57.png
36.42	4.43	11.5	7.88	2.25	164.7	5	000-58.png
89.8	35.0	0.0	402.0	0.0	171.13	45	000-6.png
89.45	34.0	0.0	528.0	0.0	170.58	45	000-7.png
57.13	2.0	16.0	7.02	1.64	170.39	-15	000-8.png
89.6	27.0	0.0	416.0	0.0	170.21	45	000-9.png
45.12	3.46	13.0	9.13	2.6	145.7	-5	001-0.png
76.88	9.42	12.0	25.67	1.91	147.34	-5	001-1.png
45.05	6.61	11.2	10.02	2.2	188.41	45	002-0.png
79.86	2.41	27.0	9.74	0.67	152.75	30	003-0.png
26.08	3.94	19.8	2.91	1.06	150.24	15	003-1.png
59.66	3.17	12.0	9.14	1.75	125.5	30	004-0.png
26.01	0.9	21.2	2.83	0.69	158.16	5	005-0.png
56.31	0.0	21.33	4.81	0.66	158.88	-5	005-1.png
44.93	0.51	21.5	3.92	0.94	166.43	15	006-0.png
63.38	0.87	17.33	7.33	1.28	153.74	0	007-0.png
56.11	0.6	20.0	5.13	1.48	154.0	-5	007-1.png
36.37	4.73	16.5	4.7	1.23	128.69	30	008-0.png
70.16	2.81	18.5	6.65	1.03	130.74	30	008-1.png
79.78	5.94	16.0	21.0	1.66	164.84	30	009-0.png
89.73	65.0	0.0	473.0	0.0	163.75	45	009-1.png
22.59	5.24	17.0	4.37	1.55	190.79	5	010-0.png
40.17	3.6	17.8	4.34	1.46	188.69	0	010-1.png
45.22	3.75	12.0	9.3	1.79	138.47	180	011-0.png
36.33	3.06	17.0	4.42	1.73	150.63	15	011-1.png
89.83	13.0	0.0	445.0	32.39	170.31	-45	012-0.png
74.75	2.26	19.0	31.42	1.77	172.58	-30	012-1.png
60.14	2.46	24.0	5.4	0.76	159.96	15	014-0.png
22.59	0.25	23.67	3.39	1.07	158.15	-30	014-1.png
0.68	3.44	21.5	2.4	1.75	140.87	15	015-0.png
54.07	1.62	17.33	8.29	2.17	156.54	5	016-0.png
59.84	0.53	20.6	4.48	2.55	156.5	15	016-1.png
30.52	0.72	19.38	3.34	1.9	157.36	0	016-2.png
78.51	5.36	22.0	12.91	1.03	197.91	15	017-0.png
71.32	1.4	25.0	7.2	0.75	198.2	15	017-1.png
48.95	3.17	24.0	3.17	0.88	199.07	15	017-2.png
71.85	2.71	14.0	13.86	1.36	150.1	15	018-0.png
67.35	0.91	17.5	8.31	1.2	146.41	15	018-1.png
36.28	0.38	21.0	3.17	0.71	187.1	30	019-0.png
56.48	1.68	19.0	4.37	0.64	195.75	30	019-1.png
40.21	0.5	18.0	3.54	0.74	195.79	30	019-2.png
59.98	3.04	13.5	8.56	1.68	167.9	-5	020-0.png
22.69	1.05	15.17	4.49	1.14	135.13	30	021-0.png
49.42	3.0	18.0	5.03	0.97	151.11	0	022-0.png
45.32	0.07	15.0	7.08	1.13	155.12	30	023-0.png
63.29	3.94	21.33	6.3	2.12	157.71	-5	024-0.png
89.39	36.0	0.0	270.0	0.0	140.0	45	025-0.png
89.28	56.0	0.0	174.0	0.0	139.59	45	025-1.png
67.33	4.0	14.0	9.86	1.29	137.51	15	025-2.png
89.39	84.0	0.0	293.0	0.0	140.2	45	025-3.png
89.52	31.0	0.0	308.0	0.0	139.01	45	025-4.png
62.77	1.15	20.0	6.93	1.12	187.98	15	026-0.png
64.35	2.56	18.0	6.39	1.02	187.67	15	026-1.png
45.34	3.11	18.33	4.65	1.01	186.87	30	026-2.png
78.36	1.09	22.0	12.5	1.02	188.1	30	026-3.png
59.98	2.28	19.33	5.66	1.05	186.9	15	026-4.png
56.12	3.0	12.33	12.41	1.34	135.4	-15	027-0.png
75.0	3.95	20.0	10.25	0.8	130.86	30	028-0.png
56.27	7.02	16.67	6.78	1.58	136.83	180	029-0.png
89.92	48.0	0.0	354.0	16.0	134.6	-5	030-0.png
51.65	3.66	24.33	4.11	0.64	131.86	15	031-0.png
45.54	3.25	16.6	5.45	1.58	170.09	0	032-0.png
33.88	6.32	17.4	4.36	1.13	192.11	5	033-0.png
36.43	6.1	8.2	12.05	1.97	132.51	30	034-0.png
67.53	1.74	15.5	8.81	1.76	180.48	180	035-0.png
77.19	2.38	16.0	24.44	1.21	165.08	-30	036-0.png
55.97	4.54	12.33	9.16	2.07	146.98	15	037-0.png
89.47	52.0	0.0	457.0	0.0	149.25	5	037-1.png
49.17	1.48	14.2	6.48	1.49	146.9	15	037-2.png
71.62	3.54	13.0	15.54	1.87	143.99	15	037-3.png
71.7	2.0	13.0	17.58	1.68	146.29	15	037-4.png
56.09	0.81	22.33	6.09	0.95	136.41	5	038-0.png
25.06	1.27	16.5	4.1	1.3	147.99	45	039-0.png
69.88	5.17	18.0	9.44	1.17	169.97	30	040-0.png
45.0	1.77	19.25	3.61	0.88	171.38	45	041-0.png
20.31	1.06	15.14	4.1	1.31	180.72	5	042-0.png
22.96	0.27	21.86	2.42	1.11	161.66	30	043-0.png
40.32	1.71	17.0	4.11	1.11	150.1	30	044-0.png
36.06	4.34	15.2	8.47	2.45	184.61	-5	045-0.png
65.39	1.06	11.33	16.62	1.47	169.09	15	046-0.png
45.24	0.0	18.4	5.05	2.16	121.01	0	047-0.png
36.26	2.89	13.17	6.49	1.92	189.18	-30	048-0.png
56.33	1.43	14.0	8.93	1.81	188.8	-5	049-0.png
34.35	2.0	16.0	3.77	0.96	167.22	-15	050-0.png
76.75	1.9	20.0	12.55	1.03	195.53	15	051-0.png
51.59	2.16	23.6	3.32	1.11	194.49	0	052-0.png
57.3	2.86	23.75	5.32	2.42	190.53	-30	053-0.png
52.59	0.17	23.2	5.01	0.83	176.9	180	054-0.png
36.28	9.0	11.67	7.4	1.03	147.95	45	055-0.png
25.88	1.36	19.8	4.1	0.76	122.22	-5	056-0.png
39.43	2.0	19.5	4.45	1.15	184.83	-15	058-0.png
26.4	2.15	18.17	3.81	1.08	184.52	-5	058-1.png
36.29	1.65	20.67	2.65	0.81	184.57	-5	058-2.png
10.82	1.33	23.25	2.06	0.82	183.88	-15	058-3.png
22.87	4.09	18.83	3.64	0.81	181.89	15	059-0.png
34.1	3.45	20.6	3.18	0.71	180.36	15	059-1.png
51.29	3.0	22.33	4.27	0.77	182.74	15	059-2.png
30.21	4.43	21.0	3.6	0.71	181.17	15	059-3.png
27.34	4.62	13.43	5.67	1.6	151.96	15	060-0.png
36.34	4.24	12.5	8.13	1.74	155.66	5	060-1.png
63.06	4.1	13.67	9.07	1.55	152.76	15	060-2.png
40.34	2.41	11.6	8.72	1.74	152.47	15	060-3.png
38.87	2.22	18.0	4.53	1.18	179.12	15	061-0.png
13.88	1.62	18.5	3.16	1.24	177.58	15	061-1.png
60.01	1.45	16.5	6.64	1.33	177.78	15	061-2.png
77.29	1.13	15.0	13.53	1.42	178.04	15	061-3.png
76.79	0.83	12.0	12.58	2.19	137.04	15	062-0.png
39.41	3.38	14.5	5.53	1.91	138.95	15	062-1.png
45.13	3.51	8.83	12.21	2.55	143.45	5	062-2.png
18.45	5.45	14.5	5.03	2.27	175.68	0	063-0.png
18.55	3.64	15.38	4.33	1.72	178.48	-5	063-1.png
45.24	6.47	13.6	6.9	2.09	178.33	-5	063-2.png
25.11	1.75	14.88	5.5	1.3	158.92	5	064-0.png
49.68	0.67	15.0	6.58	1.49	159.9	5	064-1.png
32.81	0.27	15.0	4.99	1.53	159.74	5	064-2.png
69.82	0.85	16.5	10.79	1.38	159.35	15	064-3.png
45.09	2.46	14.2	4.97	1.26	144.0	-5	065-0.png
13.23	3.03	15.83	3.24	1.05	140.31	-5	065-1.png
13.62	0.69	15.86	3.5	2.18	145.62	15	066-0.png
30.27	2.07	15.0	4.57	2.31	147.69	30	066-1.png
22.98	2.04	17.17	4.28	1.24	153.0	-5	067-0.png
69.78	0.72	18.0	11.94	1.33	194.51	15	068-0.png
60.02	1.44	12.5	2.72	1.13	156.59	-15	069-0.png
45.18	1.2	15.0	6.65	1.9	171.1	30	070-0.png
59.82	0.88	19.33	2.9	0.81	207.33	45	071-0.png
41.15	3.24	12.33	6.38	1.46	148.94	30	072-0.png
44.93	1.25	25.67	2.83	0.74	189.26	30	073-0.png
40.4	0.71	21.0	3.18	0.95	211.77	30	074-0.png
45.22	1.85	17.33	2.58	0.9	199.37	5	075-0.png
45.27	1.59	13.2	8.11	1.64	156.0	15	076-0.png
30.41	2.3	13.5	5.35	1.16	140.01	5	077-0.png
89.34	3.0	4.0	91.25	8.0	201.72	-45	078-0.png
40.37	1.59	21.4	3.6	1.1	129.23	15	079-0.png
51.62	0.39	25.5	3.86	1.41	148.96	30	080-0.png
64.51	1.49	17.5	8.74	0.84	172.76	30	081-0.png
51.11	0.93	15.0	7.27	0.85	144.14	5	081-1.png
56.37	2.08	21.67	4.49	1.11	165.15	30	082-0.png
40.47	3.31	15.4	6.35	3.1	163.55	-5	083-0.png
50.28	2.22	20.75	4.78	1.17	158.78	5	084-0.png
45.54	1.46	19.2	4.8	1.71	149.05	5	084-1.png
15.82	5.62	9.6	7.15	1.97	159.04	0	085-0.png
0.56	10.03	8.38	6.93	2.57	160.28	0	085-1.png
15.43	11.09	9.2	7.07	2.1	157.87	0	085-2.png
25.93	14.25	8.0	6.92	2.46	158.5	0	085-3.png
0.46	7.44	9.0	6.0	2.41	162.33	0	085-4.png
30.39	3.88	8.0	9.16	2.32	151.31	5	085-5.png
27.53	1.36	16.86	4.22	1.46	162.83	30	086-0.png
51.45	2.52	10.33	11.81	2.81	145.28	30	087-0.png
51.58	2.64	11.0	9.0	2.61	150.25	30	087-1.png
64.38	8.0	9.5	15.58	1.98	145.62	15	087-2.png
51.37	2.2	20.0	3.61	1.82	160.1	-15	088-0.png
15.26	0.39	20.67	2.79	0.87	160.82	5	088-1.png
36.1	1.45	23.5	3.27	0.79	172.03	15	088-2.png
60.12	0.28	18.0	7.65	1.0	157.86	15	089-0.png
18.47	1.32	19.0	2.78	0.91	158.01	30	089-1.png
48.96	0.86	16.2	4.43	0.93	155.24	30	089-2.png
51.68	3.9	13.33	9.35	1.3	127.47	5	090-0.png
67.49	4.58	12.0	18.0	1.46	125.35	15	090-1.png
77.23	3.73	15.0	22.8	0.97	129.61	5	090-2.png
81.7	3.4	10.0	2.0	2.43	184.81	5	091-0.png
73.63	7.0	10.0	7.75	2.06	183.96	-5	091-2.png
22.82	1.62	17.33	3.88	1.16	178.91	5	092-0.png
45.23	0.8	17.4	5.1	1.21	176.63	5	092-1.png
69.89	1.43	17.5	9.26	1.09	180.5	15	092-2.png
44.81	1.9	19.5	3.05	1.05	196.74	30	093-0.png
56.43	0.19	21.0	4.06	1.09	193.02	30	093-1.png
50.03	1.6	20.0	4.17	1.07	193.65	30	093-2.png
67.78	0.22	23.0	9.24	1.45	155.9	5	094-0.png
45.26	1.62	19.8	3.93	1.27	158.41	180	094-1.png
51.43	1.97	19.33	6.43	1.45	157.69	0	094-2.png
62.91	3.78	16.67	10.52	1.46	142.29	15	095-0.png
81.46	1.19	16.0	32.06	1.31	153.94	45	095-1.png
40.21	1.01	21.8	2.97	0.92	156.12	15	096-0.png
23.04	2.23	15.67	4.43	1.43	183.3	5	097-0.png
25.97	2.54	13.4	5.72	1.97	130.7	30	098-0.png
45.23	1.4	10.0	8.13	2.41	137.02	45	099-0.png
38.85	2.41	15.75	3.83	1.32	186.9	-15	100-0.png
30.09	3.07	15.0	4.78	0.97	206.77	15	102-0.png
15.3	3.07	15.0	3.92	0.88	194.53	0	102-1.png
27.45	3.72	13.71	5.81	1.64	142.98	5	103-0.png
27.37	2.29	15.71	4.14	1.07	147.66	15	104-0.png
0.53	0.48	27.33	1.66	0.79	129.25	15	105-0.png
23.11	2.94	15.29	4.07	2.0	139.27	15	106-0.png
39.33	1.97	14.75	5.75	1.16	174.09	-15	107-0.png
49.29	4.17	10.8	11.37	1.5	174.51	-15	107-1.png
27.43	3.85	13.0	5.47	1.18	175.0	-5	107-2.png
50.04	4.68	10.25	11.37	1.59	174.9	-5	107-3.png
13.64	1.11	21.67	2.53	0.86	198.91	180	108-0.png
71.98	2.9	20.0	10.7	1.02	200.38	180	108-1.png
30.62	2.18	22.0	2.62	0.78	202.59	15	108-2.png
36.2	3.2	20.33	4.61	0.84	202.75	30	108-3.png
0.58	3.29	14.0	3.88	1.46	150.77	0	109-0.png
38.78	2.17	14.75	5.9	1.32	153.27	0	109-1.png
64.4	2.73	16.5	7.79	1.2	149.65	5	109-2.png
60.08	4.64	12.5	5.72	1.48	154.23	0	109-3.png
90.0	11.5	2.0	110.75	19.62	151.37	5	110-0.png
59.73	2.47	5.67	32.59	5.99	153.91	-5	110-1.png
88.87	14.29	1.75	73.14	21.9	155.52	-5	110-2.png
45.14	2.14	11.67	13.4	3.42	151.66	5	110-3.png
40.41	1.39	19.4	4.21	0.84	195.35	30	111-0.png
56.36	1.56	16.67	7.64	1.07	194.96	0	111-1.png
25.84	2.6	15.4	4.14	1.23	192.57	-5	111-2.png
15.26	2.74	16.4	3.35	1.19	192.14	-15	111-3.png
36.29	1.21	17.33	4.98	1.35	166.14	5	112-0.png
51.55	1.65	17.0	6.4	1.29	166.51	-5	112-1.png
38.95	1.85	16.75	5.36	1.46	165.74	5	112-2.png
77.05	0.29	14.0	18.29	1.86	167.16	180	112-3.png
49.97	2.51	14.75	6.71	1.5	176.34	-5	113-0.png
26.05	4.26	13.6	4.12	1.94	174.7	-5	113-1.png
45.07	2.83	15.2	5.87	2.48	161.01	0	113-2.png
51.75	4.09	14.67	6.73	1.65	162.13	0	113-3.png
23.12	2.15	15.83	4.87	1.16	164.11	0	114-0.png
18.27	1.76	17.0	4.51	1.3	162.3	0	114-1.png
60.16	1.62	17.33	5.12	1.08	160.56	0	114-2.png
90.0	17.0	0.0	72.0	32.0	161.41	-5	114-3.png
54.31	4.34	17.5	4.71	0.6	173.2	30	115-0.png
25.01	3.25	21.88	2.91	0.81	209.01	15	116-0.png
10.58	2.16	17.62	2.89	1.17	205.1	5	117-0.png
36.55	2.8	22.5	2.92	0.93	204.07	-5	117-1.png
27.6	1.61	19.29	3.63	1.12	203.34	180	117-2.png
22.99	2.33	20.17	3.19	1.11	204.49	180	117-3.png
54.17	6.2	10.0	10.55	2.14	152.88	30	118-0.png
15.28	3.89	12.6	4.1	1.51	154.32	45	118-1.png
36.23	4.43	14.67	4.84	1.26	153.84	30	118-2.png
30.33	3.76	12.5	5.98	1.3	155.88	45	118-3.png
36.11	5.29	11.33	4.32	1.56	151.36	30	118-4.png
51.52	6.69	11.67	8.31	1.49	154.6	30	118-5.png
26.09	2.46	11.4	5.3	1.54	158.01	30	118-6.png
57.39	1.64	15.25	5.56	1.35	151.13	-5	119-0.png
36.31	1.37	13.83	6.45	1.76	157.17	-5	119-1.png
50.02	2.49	15.25	7.39	1.57	171.08	0	120-0.png
88.84	30.0	0.0	270.0	0.0	140.59	45	121-0.png
54.15	1.14	28.0	3.85	0.86	175.99	180	121-1.png
51.41	0.89	28.0	4.19	0.85	173.39	-45	122-0.png
56.3	3.33	15.0	7.02	1.39	176.1	15	123-0.png
11.59	3.16	14.57	3.89	1.45	176.26	30	123-1.png
34.0	3.26	14.4	5.07	1.35	178.16	30	123-2.png
33.94	2.0	13.0	5.6	1.4	176.81	30	123-3.png
56.31	4.25	12.0	9.47	1.63	152.48	30	123-4.png
56.28	2.02	18.33	7.13	1.0	138.2	-15	124-0.png
54.17	3.78	18.25	5.88	0.98	138.88	-5	124-1.png
57.09	1.82	16.5	6.12	1.11	139.41	0	124-2.png
76.94	2.0	18.0	20.89	1.02	136.17	-5	124-3.png
71.86	0.12	24.5	8.29	1.22	167.18	-15	125-0.png
56.17	0.3	20.33	5.06	1.92	163.04	5	125-1.png
36.07	0.0	15.2	6.26	2.47	153.87	180	125-2.png
59.86	1.03	16.5	14.42	1.61	161.22	-45	125-3.png
74.98	3.47	17.0	17.88	1.05	161.51	15	126-0.png
89.37	32.0	0.0	350.0	0.0	164.45	-5	126-1.png
77.09	1.36	25.0	10.76	0.78	164.05	15	126-2.png
51.43	0.71	17.0	6.8	1.03	163.71	0	126-3.png
76.95	4.75	20.0	8.3	0.77	164.06	0	126-4.png
49.18	2.53	17.4	5.1	1.38	151.06	-5	127-0.png
49.05	2.56	15.6	6.72	1.68	143.45	-5	127-1.png
81.84	0.9	20.0	23.95	1.21	139.97	-15	127-2.png
56.35	1.92	27.67	4.16	1.64	141.35	0	128-0.png
45.43	2.54	28.4	2.52	0.92	133.4	0	128-1.png
77.08	1.28	26.5	6.15	0.78	124.21	-5	128-2.png
36.08	2.86	25.83	2.89	1.18	126.5	5	128-3.png
50.01	0.67	27.0	3.31	0.76	125.05	0	128-4.png
90.0	4.81	13.11	2.22	2.82	148.83	0	129-0.png
89.87	17.39	2.82	22.58	11.8	151.09	-15	129-1.png
60.0	2.18	19.25	3.22	1.87	152.62	5	129-2.png
45.25	2.56	6.64	4.03	6.37	150.38	-15	129-3.png
51.27	2.67	18.0	3.87	1.21	160.88	45	130-0.png
45.37	1.36	15.4	4.9	1.83	160.24	30	130-1.png
27.54	0.62	16.14	4.11	1.6	163.25	30	130-2.png
76.7	1.67	15.0	16.13	1.47	159.43	45	130-3.png
64.23	1.7	16.5	6.52	1.54	162.51	30	130-4.png
49.31	1.58	18.4	5.75	0.9	136.46	15	131-0.png
16.64	1.71	17.56	3.32	0.96	136.91	5	131-1.png
13.38	2.7	18.17	2.58	0.96	135.42	15	131-2.png
38.77	2.67	17.25	4.54	0.93	135.01	15	131-3.png
67.03	1.2	20.0	21.65	1.81	166.24	-30	132-0.png
89.44	14.0	0.0	518.0	27.29	164.98	-45	132-1.png
74.88	0.38	21.0	3.9	0.61	161.78	30	132-2.png
72.08	1.27	22.0	4.27	0.85	153.77	30	132-3.png
45.25	2.56	16.4	6.21	1.99	168.13	15	133-0.png
27.31	5.17	18.0	3.92	1.69	166.35	5	133-1.png
10.36	2.03	16.78	3.5	2.0	164.57	30	133-2.png
27.57	4.59	17.86	3.05	1.57	167.83	5	133-3.png
41.31	1.61	16.17	5.67	1.49	166.22	15	133-4.png
70.25	3.93	15.0	14.17	1.67	146.53	15	134-0.png
64.31	7.2	12.5	13.84	1.96	145.7	15	134-1.png
57.25	4.05	20.25	6.15	1.38	147.27	180	135-0.png
80.36	1.91	23.0	20.91	1.06	150.53	5	135-1.png
62.92	2.47	17.0	7.67	1.48	145.91	45	136-0.png
45.05	1.47	18.4	4.85	1.12	161.01	5	137-0.png
69.53	3.91	11.5	19.35	2.03	133.91	15	138-0.png
59.74	2.71	13.67	12.61	2.06	139.26	-5	139-0.png
18.59	5.29	14.75	4.25	1.84	136.16	-15	139-1.png
36.1	5.05	16.83	3.95	1.1	146.89	0	140-0.png
78.38	3.06	17.0	18.35	1.14	147.83	5	140-1.png
30.64	4.12	8.0	18.44	2.7	135.26	0	141-0.png
30.45	1.44	16.0	3.9	1.27	192.82	30	142-0.png
74.95	4.25	16.0	12.5	1.71	156.45	15	143-0.png
63.13	1.07	25.33	5.37	1.01	169.3	15	144-0.png
40.01	0.95	16.8	5.3	1.71	152.06	5	145-0.png
27.65	7.27	14.86	4.91	2.02	154.19	-5	146-0.png
27.28	1.62	16.0	4.34	1.03	164.52	30	147-0.png
45.06	3.15	17.8	5.43	1.12	153.78	-5	148-0.png
26.2	6.38	8.0	10.1	1.81	182.21	-15	149-0.png
56.24	1.42	19.67	4.83	1.22	141.69	-5	150-0.png
50.03	1.19	19.25	5.87	1.26	139.95	-5	150-1.png
67.36	2.51	19.5	5.82	1.15	135.82	180	150-2.png
63.11	1.23	18.67	6.98	1.58	140.64	-5	150-3.png
71.88	1.19	21.0	7.79	1.3	138.29	-5	150-4.png
27.21	2.43	17.29	4.16	1.63	141.9	-5	150-5.png
22.57	1.87	18.17	3.3	1.37	139.73	-5	150-6.png
78.49	1.41	17.0	9.12	1.27	140.74	0	150-7.png
53.97	1.06	20.75	5.95	1.19	139.18	-5	150-8.png
45.04	1.22	20.5	4.11	1.47	139.95	-5	150-9.png
30.23	1.44	19.5	3.04	0.75	203.4	45	151-0.png
56.19	1.45	21.33	4.73	0.72	201.89	30	151-1.png
67.35	0.23	22.0	5.59	0.85	199.41	30	151-10.png
64.48	0.88	21.5	6.19	0.8	201.23	45	151-2.png
54.18	4.81	17.25	4.97	0.86	200.79	30	151-3.png
67.57	4.62	14.5	9.24	0.83	202.43	30	151-4.png
63.07	0.32	19.0	5.3	0.82	199.59	30	151-5.png
67.42	0.68	22.0	6.2	0.77	200.68	45	151-6.png
56.35	0.97	19.67	4.31	0.73	201.18	30	151-7.png
50.21	0.69	20.25	4.57	0.87	200.64	45	151-8.png
51.65	0.98	21.33	4.53	1.4	143.38	15	152-0.png
49.89	0.94	21.25	4.6	1.28	141.77	15	152-1.png
56.62	0.97	26.67	4.38	1.2	143.91	15	152-2.png
72.19	4.3	20.0	11.07	1.56	137.54	15	152-3.png
59.97	0.34	20.33	7.31	1.33	140.82	15	152-4.png
49.85	0.28	21.25	4.75	1.27	136.65	15	152-5.png
64.07	1.0	21.0	5.52	1.26	138.96	15	152-6.png
34.09	1.21	21.4	3.79	1.25	139.48	15	152-7.png
40.38	0.97	21.6	3.95	1.11	139.78	30	152-8.png
51.62	2.35	20.0	5.97	1.34	137.91	15	152-9.png
45.08	1.71	15.75	5.71	1.25	178.26	30	153-0.png
50.12	2.97	16.5	5.18	1.16	179.7	30	153-1.png
69.93	2.0	17.0	9.76	1.26	194.41	30	153-2.png
45.26	1.08	16.6	4.89	1.31	175.25	30	153-3.png
80.69	0.81	16.0	26.38	1.12	179.57	30	153-4.png
53.98	0.64	18.75	5.71	1.12	197.62	30	153-5.png
67.4	1.24	21.0	5.64	1.09	191.52	30	153-6.png
40.4	0.29	20.8	3.06	1.1	194.12	30	153-7.png
49.21	1.7	18.8	5.56	1.03	187.67	30	153-8.png
79.88	3.2	15.0	16.2	1.5	176.61	30	153-9.png
78.63	1.14	21.0	8.76	0.92	152.96	30	154-0.png
60.04	0.95	20.0	5.78	0.85	153.92	30	154-1.png
33.52	0.71	19.6	3.59	0.89	153.9	15	154-2.png
41.2	0.55	19.83	4.34	0.86	151.99	30	154-3.png
57.34	0.51	19.5	4.5	0.79	151.99	30	154-4.png
27.58	0.83	21.71	2.79	0.92	147.28	30	154-5.png
45.08	1.72	18.0	7.37	1.73	151.18	-5	154-6.png
69.91	1.31	17.5	8.11	1.04	150.43	30	154-7.png
45.02	1.21	20.6	3.54	0.91	150.58	30	154-8.png
67.32	1.53	25.5	4.65	0.66	151.06	30	154-9.png
45.03	3.79	19.0	4.17	0.83	160.43	-15	155-0.png
60.03	3.91	18.67	5.3	0.88	162.5	-15	155-1.png
60.03	3.6	18.33	6.78	0.96	163.1	-15	155-2.png
44.97	2.76	17.0	5.24	0.92	161.72	-30	155-3.png
63.11	3.71	21.0	5.4	0.75	159.85	-30	155-4.png
50.14	4.38	18.5	3.59	0.87	160.02	-15	155-5.png
36.1	4.19	17.17	4.18	0.93	162.01	-15	155-6.png
59.95	4.18	17.0	6.12	1.02	162.02	-15	155-7.png
69.87	0.95	21.0	5.98	0.84	160.77	-15	155-8.png
45.16	1.42	23.25	3.68	1.53	213.42	30	156-0.png
36.33	5.03	11.33	4.53	1.78	149.29	-5	157-0.png
89.92	44.0	0.0	0.0	0.0	146.11	45	157-1.png
0.71	6.42	12.0	4.83	1.63	146.16	0	158-0.png
30.47	3.0	16.0	4.58	1.46	190.44	-5	158-1.png
78.49	7.14	7.0	5.14	2.03	151.43	-5	158-2.png
38.64	1.57	14.0	8.16	1.65	160.34	-5	159-0.png
89.59	22.0	0.0	363.0	17.0	163.04	5	159-1.png
72.15	3.14	14.0	16.14	1.38	171.73	-5	160-0.png
22.96	1.01	15.83	3.84	1.04	176.44	0	160-1.png
36.29	1.3	15.4	5.71	2.05	140.45	5	161-0.png
0.21	1.26	17.44	2.43	1.3	138.62	0	161-1.png
20.28	1.02	19.57	3.21	1.36	176.46	30	162-0.png
10.47	1.48	21.62	2.39	1.25	177.17	15	162-1.png
51.64	3.16	12.33	8.7	1.71	173.06	5	163-0.png
67.38	2.67	12.0	8.0	1.77	179.91	15	163-1.png
26.1	4.27	15.0	5.47	1.5	163.63	-5	164-0.png
23.25	3.06	17.0	4.43	1.26	160.15	5	164-1.png
51.45	1.7	23.0	3.67	0.88	158.96	-5	165-0.png
51.79	0.76	22.33	5.96	1.06	159.98	0	165-1.png
64.27	1.7	16.5	5.67	0.99	184.39	5	166-0.png
74.97	2.19	16.0	1.19	1.22	188.66	5	166-1.png
13.26	1.46	17.17	3.42	1.81	182.05	15	167-0.png
0.52	4.0	14.0	3.32	0.78	173.12	0	168-0.png
22.76	5.62	10.67	6.5	0.94	172.99	180	168-1.png
54.23	2.78	11.5	5.09	1.21	136.56	15	169-0.png
38.92	1.08	12.0	6.6	1.36	137.74	15	169-1.png
67.56	0.62	19.5	10.18	1.11	153.56	-15	170-0.png
51.46	0.86	18.67	9.91	0.82	153.79	-15	170-1.png
89.66	31.0	1.0	311.0	39.36	165.32	5	171-0.png
67.45	0.6	20.0	12.0	1.27	168.71	5	171-1.png
79.71	2.71	17.0	17.53	1.1	150.49	-5	172-0.png
18.28	1.84	12.5	4.28	1.51	148.2	-5	172-1.png
79.91	2.06	18.0	21.39	1.47	206.11	30	173-0.png
54.01	1.53	22.25	4.26	1.13	208.69	30	173-1.png
36.14	1.84	22.33	3.22	1.19	207.88	30	173-2.png
45.05	2.08	20.2	4.28	1.22	211.17	30	173-3.png
53.98	1.93	21.25	5.16	1.24	212.73	30	173-4.png
45.12	3.69	16.25	4.98	1.07	144.84	15	174-0.png
36.56	1.72	20.33	4.23	0.97	143.03	15	174-1.png
36.39	2.17	15.67	4.4	1.04	142.78	15	174-2.png
89.49	15.0	0.0	203.0	0.0	143.73	45	174-3.png
54.26	2.81	16.0	7.34	0.96	145.82	15	174-4.png
45.35	1.9	19.5	4.09	0.91	170.19	5	174-5.png
89.79	50.0	0.0	36.0	0.0	146.82	45	175-0.png
89.53	7.0	0.0	54.0	0.0	148.76	45	175-1.png
45.06	2.32	15.5	5.45	0.89	195.06	0	176-0.png
67.41	4.16	18.5	9.76	1.05	171.54	15	177-0.png
78.57	0.26	19.0	15.47	0.96	163.97	15	177-1.png
40.11	0.77	14.2	5.2	1.31	141.17	0	178-0.png
27.43	3.2	13.43	6.31	1.41	136.03	0	178-1.png
77.0	3.95	22.0	9.95	0.71	197.1	-15	179-0.png
64.37	3.87	23.5	5.81	0.67	195.81	-15	179-1.png
89.79	20.0	0.0	181.0	0.0	153.38	45	180-0.png
60.15	0.32	15.67	7.32	1.32	156.42	0	180-1.png
64.43	1.07	27.0	4.61	0.73	195.06	15	181-0.png
56.27	0.69	17.33	6.19	1.08	174.32	15	181-1.png
45.07	0.79	24.0	2.84	0.96	194.01	15	181-2.png
59.84	6.32	9.33	18.54	2.72	135.49	30	182-0.png
40.51	1.55	17.4	3.8	1.02	129.84	15	183-0.png
38.91	2.61	11.5	7.74	1.58	131.61	-5	184-0.png
74.66	5.7	10.0	2.2	1.35	129.58	-5	184-1.png
62.87	13.78	9.0	19.22	1.99	146.23	180	185-0.png
49.97	4.39	7.75	15.87	1.96	151.44	-5	185-1.png
64.34	3.45	11.0	19.0	2.21	149.28	0	186-0.png
38.65	4.0	13.0	6.92	1.94	148.56	180	186-1.png
56.33	0.0	17.0	7.32	1.71	154.0	-5	187-0.png
36.26	2.82	17.0	4.35	1.38	149.85	5	187-1.png
34.28	1.67	15.0	6.11	1.36	174.98	180	188-0.png
36.16	0.29	14.0	6.11	1.39	176.4	-5	188-1.png
30.18	3.08	13.0	5.25	1.28	169.41	0	189-0.png
64.5	4.95	9.5	8.53	1.23	133.99	-5	190-0.png
53.96	4.84	9.5	8.42	1.25	130.77	-5	190-1.png
39.03	1.03	19.33	4.68	1.59	172.1	-5	191-0.png
78.73	1.35	17.0	22.76	1.64	138.82	15	192-0.png
36.14	0.21	19.17	3.97	1.62	138.94	5	192-1.png
59.99	2.76	16.33	7.65	1.41	169.64	5	193-0.png
62.92	2.62	18.33	6.27	1.09	162.71	5	193-1.png
25.06	2.65	17.38	3.49	1.28	161.23	180	193-2.png
33.1	1.64	18.86	4.1	1.07	166.54	5	193-3.png
59.92	1.27	16.5	6.7	1.03	155.84	180	194-0.png
45.27	1.29	14.0	7.36	1.3	146.18	-5	194-1.png
13.48	2.49	15.67	3.98	0.73	151.37	-15	195-0.png
59.86	2.22	13.5	11.59	0.97	148.7	-15	195-1.png
73.34	1.95	19.5	9.72	1.88	174.04	-5	196-0.png
25.93	2.41	10.8	6.2	1.12	157.84	-15	197-0.png
74.83	2.5	10.0	2.0	1.04	155.35	180	197-1.png
45.24	2.59	19.33	3.48	1.05	177.34	-15	198-0.png
76.83	2.47	17.0	14.41	1.47	182.66	-5	198-1.png
45.37	1.86	17.75	4.13	1.13	179.6	15	199-0.png
30.33	0.99	19.17	3.69	0.87	170.67	30	199-1.png
59.96	1.58	17.67	7.09	0.96	180.48	15	199-2.png
20.77	1.65	17.57	3.61	1.07	180.21	15	199-3.png
60.29	6.1	13.6	6.56	2.98	182.07	0	200-0.png
15.21	2.97	13.8	4.99	1.5	141.98	5	201-0.png
45.1	2.89	15.2	6.76	1.61	156.0	0	202-0.png
57.29	2.78	14.75	9.97	1.65	157.86	0	202-1.png
9.46	3.53	16.44	3.66	1.67	158.89	-5	202-2.png
41.06	2.9	15.17	6.64	1.94	158.57	-5	202-3.png
63.17	3.65	15.33	11.41	1.92	157.6	0	202-4.png
0.27	1.38	16.0	3.36	1.73	199.4	30	203-0.png
53.82	3.15	13.0	7.77	1.69	200.7	30	203-1.png
30.27	1.42	16.25	4.18	1.47	200.66	15	203-2.png
45.13	1.18	17.0	5.35	2.09	200.71	15	203-3.png
0.57	3.87	15.5	3.57	1.62	199.01	15	203-4.png
56.54	1.98	24.75	2.99	1.01	159.34	30	204-0.png
30.41	0.52	23.29	3.29	1.01	161.57	30	204-1.png
30.3	0.38	26.6	4.96	1.15	162.02	-30	204-3.png
75.0	1.73	30.0	19.3	1.18	163.76	-30	204-4.png
51.17	1.17	24.0	5.99	1.24	162.05	-45	204-5.png
51.5	1.52	23.0	4.74	1.09	169.63	30	205-0.png
64.29	0.62	26.0	6.96	1.02	169.38	30	205-1.png
1.07	0.71	25.4	1.86	1.27	170.45	30	205-2.png
30.48	1.93	25.86	2.78	0.96	170.65	-30	205-3.png
67.49	1.62	24.0	8.21	0.94	170.56	30	205-4.png
26.23	2.59	15.8	4.08	1.33	139.3	30	206-0.png
30.35	1.42	16.17	4.62	1.42	139.23	30	206-1.png
71.77	0.53	22.5	3.07	0.98	137.65	30	206-2.png
56.3	3.91	15.33	5.63	1.55	137.19	30	206-3.png
41.11	3.97	19.17	3.84	1.15	139.33	30	206-4.png
45.09	1.69	25.5	2.34	0.0	155.67	-5	207-0.png
45.34	2.36	29.2	1.93	0.0	157.02	-15	207-1.png
69.94	2.44	16.0	10.16	1.12	169.81	30	207-2.png
64.44	1.31	29.0	3.21	0.55	156.62	-15	207-3.png
62.93	0.47	27.67	3.55	0.0	157.34	-30	207-4.png
54.31	1.38	29.0	2.84	0.0	156.22	-15	207-5.png
56.08	1.68	19.67	3.78	0.66	185.29	45	208-0.png
89.6	27.0	0.0	65.0	0.0	191.48	45	208-1.png
73.52	1.18	24.5	3.59	0.73	190.12	45	208-2.png
89.55	24.0	0.0	51.0	0.0	192.31	45	208-3.png
79.46	1.7	20.0	6.3	0.0	192.2	45	208-4.png
78.36	1.81	27.0	11.63	0.61	170.73	-5	209-0.png
50.04	0.74	21.67	4.22	0.84	170.92	5	209-1.png
60.26	1.88	21.33	5.67	0.75	169.81	45	209-2.png
80.43	1.12	16.0	19.88	1.06	166.82	0	209-3.png
67.48	2.65	15.5	10.26	1.08	171.1	15	209-4.png
38.77	4.73	12.25	7.33	1.55	136.34	180	210-0.png
69.74	3.36	12.5	13.92	1.28	139.33	0	210-1.png
77.02	2.84	19.0	8.63	1.53	199.4	30	211-0.png
30.87	1.11	27.12	2.32	1.09	197.92	15	211-1.png
60.05	3.47	10.67	11.16	2.13	176.65	15	212-0.png
41.02	3.32	10.83	7.88	1.82	174.02	5	212-1.png
67.37	5.62	10.5	7.43	1.94	156.22	180	212-2.png
76.84	4.15	13.0	25.0	1.77	155.95	5	213-0.png
38.91	6.0	12.5	7.8	1.69	157.0	15	213-1.png
51.46	4.8	11.67	8.06	1.4	154.93	180	213-2.png
60.17	2.89	13.5	11.59	1.72	189.34	5	214-0.png
64.13	4.09	11.0	13.95	1.86	188.33	15	214-1.png
22.79	2.59	18.17	3.65	1.07	153.25	-5	215-0.png
69.93	2.0	18.0	6.08	0.94	150.86	0	215-1.png
89.4	17.0	0.0	421.0	0.0	178.77	45	216-0.png
78.45	2.53	19.0	12.58	1.51	176.28	30	216-1.png
45.1	7.12	16.0	6.55	2.1	188.1	5	217-0.png
25.98	0.6	16.6	3.9	1.48	190.09	15	217-1.png
70.05	8.52	11.5	21.17	2.07	185.3	5	217-2.png
78.54	1.83	18.0	13.28	1.41	136.03	30	218-0.png
30.42	4.0	14.0	5.25	1.12	124.69	-5	219-0.png
51.59	2.37	20.67	4.42	1.31	185.57	0	220-0.png
90.0	37.0	0.0	654.0	32.59	132.08	-45	221-0.png
40.3	3.71	14.83	5.44	2.06	152.64	-5	222-0.png
33.18	2.09	11.0	8.75	1.82	133.01	5	223-0.png
89.87	12.5	2.0	102.83	20.95	166.05	-5	224-0.png
40.21	1.69	14.2	5.68	1.96	158.21	15	225-0.png
34.0	2.35	17.0	4.29	1.15	203.72	15	226-0.png
36.21	4.36	15.83	5.33	2.28	184.88	15	227-0.png
38.68	0.07	13.75	5.07	1.33	159.92	30	228-0.png
70.13	1.95	18.5	12.24	0.83	130.92	0	229-0.png
89.86	33.0	0.0	274.0	0.0	194.49	180	230-0.png
45.01	2.56	18.0	3.64	0.85	192.84	5	230-1.png
30.44	2.5	19.17	3.78	1.95	177.79	-5	231-0.png
11.93	4.06	16.0	3.94	1.87	172.32	0	231-1.png
38.84	4.33	15.0	7.15	2.0	168.82	-5	232-0.png
59.8	4.6	15.0	12.63	1.7	169.46	180	232-1.png
89.41	61.0	0.0	193.0	0.0	171.89	45	233-0.png
76.8	1.9	20.0	15.45	1.19	170.09	15	233-1.png
67.13	2.3	16.5	9.21	0.77	134.73	15	234-0.png
26.0	3.99	14.8	4.92	0.96	135.86	15	234-1.png
78.43	1.4	20.0	10.7	0.68	190.17	45	235-0.png
45.25	1.98	20.75	3.29	0.76	188.17	45	235-1.png
74.45	1.88	17.0	15.24	1.65	184.82	0	236-0.png
67.48	3.6	17.5	8.71	0.71	177.98	-15	237-0.png
64.24	2.83	18.0	6.92	0.76	176.22	-5	237-1.png
60.43	2.18	18.33	9.76	2.59	208.54	5	238-0.png
89.63	49.0	0.0	274.0	0.0	149.75	45	239-0.png
56.59	3.38	13.0	6.77	2.12	149.39	30	239-1.png
45.01	6.32	14.4	6.57	2.31	154.46	30	239-2.png
71.89	0.53	15.0	10.53	1.81	159.32	15	239-3.png
45.01	4.0	14.0	6.76	1.28	177.22	5	240-0.png
23.22	1.83	12.0	5.24	1.35	177.1	0	240-1.png
60.02	3.61	15.5	10.06	1.79	162.4	0	241-0.png
51.55	3.7	15.67	8.77	1.52	165.02	0	241-1.png
38.63	4.0	15.0	6.22	1.54	165.87	0	241-2.png
45.24	6.38	13.0	6.27	1.9	165.88	-5	241-3.png
64.06	3.11	18.0	8.36	0.99	164.61	0	242-0.png
74.88	4.58	12.0	27.25	1.75	159.43	5	242-1.png
26.57	2.45	19.2	3.73	0.79	156.32	5	242-2.png
53.85	3.55	15.5	3.0	1.28	156.74	30	243-0.png
59.87	2.9	15.5	8.06	1.37	151.68	30	243-1.png
76.94	2.71	14.0	13.5	1.14	157.99	15	243-2.png
71.71	1.7	16.5	9.58	1.11	137.79	0	244-0.png
89.61	16.0	0.0	149.0	0.0	157.11	-30	245-0.png
57.29	2.56	15.25	8.41	1.49	167.71	30	246-0.png
81.5	2.08	13.0	27.23	1.44	166.61	30	246-1.png
59.78	0.22	13.33	9.3	1.39	167.76	30	246-2.png
74.65	1.56	13.5	17.59	1.54	168.26	30	246-3.png
80.83	3.83	12.0	23.75	1.26	202.26	30	247-0.png
81.66	1.67	15.0	22.27	1.0	196.28	30	247-1.png
89.57	24.0	0.0	335.0	0.0	198.14	45	247-2.png
80.77	1.95	21.0	14.33	0.67	198.13	30	247-3.png
80.73	3.64	11.0	29.91	1.39	197.56	30	247-4.png
33.9	3.73	12.6	6.44	1.58	179.83	30	248-0.png
18.35	1.83	12.0	4.61	1.7	178.7	30	248-1.png
62.7	2.08	13.0	13.44	1.74	180.14	15	248-2.png
76.97	6.36	14.0	9.43	1.7	177.47	5	248-3.png
89.7	26.0	0.0	64.0	0.0	178.49	45	248-4.png
53.83	3.37	20.5	3.83	1.18	183.3	30	249-0.png
78.51	7.4	10.0	26.3	2.21	187.78	0	250-0.png
54.0	2.67	11.25	12.91	1.85	190.5	5	250-1.png
36.33	2.45	29.33	2.08	0.66	217.96	0	251-0.png
30.21	1.46	17.17	4.38	1.09	190.36	15	252-0.png
57.35	2.14	17.75	4.87	1.05	182.48	5	253-0.png
89.56	16.0	0.0	381.0	31.69	195.67	0	254-0.png
90.0	8.0	0.0	452.0	27.52	200.19	-15	254-1.png
66.97	2.64	10.6	11.98	3.13	193.71	5	255-0.png
64.14	0.58	19.0	8.58	0.89	166.32	15	256-0.png
45.3	2.18	19.25	4.62	0.86	166.96	0	256-1.png
69.97	3.04	12.5	16.16	1.12	132.02	45	257-0.png
0.27	7.02	8.83	6.38	1.33	129.92	15	258-0.png
40.29	1.31	21.4	3.45	1.11	185.41	30	259-0.png
34.17	1.1	21.78	2.93	1.41	170.11	15	259-1.png
13.24	2.61	14.17	4.56	1.23	137.94	30	260-0.png
38.96	3.14	14.0	4.91	1.26	145.23	-5	261-0.png
59.74	1.43	13.33	8.0	1.99	132.96	15	262-0.png
57.74	8.45	3.67	45.36	3.5	123.8	45	263-0.png
62.9	2.0	17.0	9.29	0.94	119.43	15	264-0.png
80.72	3.78	9.0	6.44	1.43	118.66	0	265-0.png
45.12	2.03	13.8	6.84	2.12	176.56	180	266-0.png
26.02	2.61	18.4	3.87	1.1	196.92	15	267-0.png
74.81	2.38	16.0	15.38	1.57	154.11	15	268-0.png
64.39	5.33	7.5	22.87	1.68	126.21	30	269-0.png
51.36	6.86	11.67	4.86	1.22	149.45	0	270-0.png
60.0	2.97	7.75	14.32	3.35	206.48	0	272-0.png
54.12	0.0	19.0	3.78	1.41	209.0	30	272-1.png
36.39	0.86	21.0	6.62	1.64	207.51	-45	272-2.png
45.05	1.94	16.0	6.56	0.9	165.68	5	272-3.png
76.77	4.0	12.0	12.75	1.78	182.66	5	273-0.png
64.29	5.87	15.5	10.65	1.72	182.18	30	273-1.png
64.07	6.07	14.0	12.14	2.83	175.15	-15	273-2.png
67.42	10.38	10.5	12.0	2.63	183.21	-5	273-3.png
64.36	5.56	13.5	8.37	1.98	178.74	30	273-4.png
38.86	3.3	18.5	4.61	0.78	167.91	5	274-0.png
89.94	47.0	0.0	367.0	0.0	165.99	180	274-1.png
72.41	1.14	22.0	9.95	0.78	168.05	-5	274-2.png
30.18	3.37	20.75	3.69	0.7	165.91	0	274-3.png
23.14	5.41	11.83	5.79	1.19	143.15	15	275-0.png
1.83	5.89	14.09	3.81	1.36	145.47	15	275-1.png
79.7	4.18	11.0	2.18	1.06	143.82	-30	276-0.png
71.64	8.4	15.0	0.73	0.7	139.45	-15	276-1.png
34.14	7.18	14.2	4.61	1.66	152.34	-5	277-0.png
12.03	5.3	16.43	3.72	1.64	156.48	-5	277-1.png
30.2	4.58	15.5	4.95	1.15	196.54	5	278-0.png
38.85	3.5	14.0	7.5	1.18	194.24	15	278-1.png
26.09	2.15	14.4	5.81	1.62	171.54	5	279-0.png
30.13	0.31	16.0	5.27	1.84	175.85	5	279-1.png
45.01	2.61	17.25	5.28	1.56	173.79	15	280-0.png
45.06	2.61	16.5	3.79	1.45	171.91	15	280-1.png
51.42	3.16	12.67	9.47	1.7	146.95	-15	281-0.png
0.54	3.33	12.6	4.44	1.57	188.76	-5	281-1.png
29.99	0.0	27.38	2.19	0.78	174.72	15	282-0.png
49.16	0.0	25.6	2.91	0.64	175.85	5	282-1.png
9.5	1.89	12.67	4.31	1.16	184.8	-15	283-0.png
72.07	5.73	11.0	1.0	0.99	181.91	-15	283-1.png
78.49	2.33	12.0	33.83	2.09	131.57	-15	285-0.png
76.76	3.27	15.0	15.53	1.69	136.53	5	285-1.png
77.31	2.21	14.0	16.43	1.58	134.65	-30	285-2.png
54.01	0.0	16.5	5.55	1.42	135.25	-15	285-3.png
71.68	0.2	15.0	15.6	1.29	138.01	-15	285-4.png
76.91	2.38	21.0	8.19	0.94	183.96	30	286-0.png
30.25	2.22	18.0	4.98	1.4	185.71	0	286-1.png
89.77	47.0	0.0	400.0	36.77	185.57	-30	286-2.png
23.16	0.89	21.29	2.6	1.0	184.38	30	286-3.png
57.0	0.62	19.5	6.67	1.01	174.52	-5	287-0.png
65.44	0.65	18.33	8.02	1.06	170.0	5	287-1.png
40.88	1.89	17.5	5.7	1.14	165.95	0	287-2.png
80.64	1.74	19.0	20.63	1.07	164.76	-5	287-3.png
49.09	1.54	15.6	6.14	1.17	164.06	-5	287-4.png
67.58	1.56	16.0	8.91	1.0	152.39	-30	288-0.png
22.71	1.64	12.83	5.27	1.13	158.26	-30	288-1.png
67.44	1.72	14.5	13.62	1.22	156.69	-30	288-2.png
50.1	1.1	15.5	5.82	0.85	160.06	-30	288-3.png
71.79	1.08	13.0	15.27	1.15	155.87	-30	288-4.png
74.77	1.07	21.5	11.65	1.27	178.93	5	289-0.png
37.92	0.95	22.14	3.36	1.19	181.34	0	289-1.png
70.07	2.73	20.5	4.93	1.11	181.02	-5	289-2.png
69.95	2.16	19.0	12.61	1.43	179.75	-5	289-3.png
78.57	2.77	22.0	17.45	1.51	178.54	-5	289-4.png
79.54	1.72	18.0	21.72	1.33	179.54	30	290-0.png
71.9	4.18	17.0	9.06	0.85	145.74	180	291-0.png
63.05	5.86	14.67	12.34	0.95	144.87	180	291-1.png
89.82	39.0	0.0	250.0	0.0	146.69	45	291-2.png
40.15	6.51	15.2	4.67	0.85	147.63	15	291-3.png
65.23	2.39	18.0	10.57	1.18	160.55	-15	292-0.png
65.21	1.57	14.67	12.89	1.39	161.46	-15	292-1.png
57.22	3.84	18.25	7.82	1.27	166.71	-5	292-2.png
79.79	2.0	22.0	17.82	1.19	159.45	-15	292-3.png
69.64	2.77	15.5	9.97	1.69	164.25	-15	292-4.png
36.01	2.26	15.5	6.48	1.47	141.52	15	293-0.png
45.16	2.56	18.33	5.73	1.05	141.15	15	293-1.png
89.83	26.0	0.0	170.0	0.0	139.1	45	293-2.png
60.06	1.69	19.5	5.72	1.65	137.7	15	293-3.png
79.45	1.25	16.0	21.56	1.12	140.53	15	293-4.png
67.39	1.75	24.0	10.29	1.08	194.57	-5	294-0.png
67.37	0.63	19.0	33.53	0.86	192.62	-15	294-1.png
89.63	52.0	0.0	478.0	0.0	191.54	45	294-2.png
65.38	0.78	23.0	20.83	0.8	195.09	-5	294-3.png
59.82	0.54	18.5	4.84	1.0	207.82	180	295-0.png
79.84	4.65	17.0	29.94	1.34	206.61	180	295-1.png
67.6	1.22	27.0	12.52	1.17	191.92	-30	296-0.png
45.12	1.31	26.0	5.01	1.52	188.09	-15	296-1.png
15.87	1.17	29.11	1.56	1.03	193.68	15	296-2.png
27.2	4.5	17.57	3.88	1.45	191.79	5	297-0.png
36.3	2.54	14.17	6.25	1.76	200.55	5	297-1.png
18.31	5.26	13.88	4.53	1.48	198.69	15	297-2.png
41.05	0.43	11.67	9.56	2.55	193.81	30	298-0.png
50.08	3.08	13.0	9.25	2.27	196.43	30	298-1.png
71.88	5.33	13.5	13.07	2.26	197.87	30	298-2.png
67.56	3.17	23.0	8.8	1.12	202.91	30	299-0.png
40.19	2.82	24.5	2.56	0.89	206.45	30	299-1.png
63.08	2.05	24.33	3.99	0.81	207.81	30	299-2.png
36.22	2.15	17.67	4.43	1.29	193.22	5	300-0.png
27.22	2.22	17.57	3.78	1.18	195.31	5	300-1.png
62.96	1.86	19.33	9.86	1.16	207.77	5	300-2.png
49.11	1.59	23.2	3.87	0.85	207.79	15	301-0.png
74.63	1.21	24.0	11.38	1.18	206.23	15	301-1.png
56.26	1.85	22.67	7.25	1.71	207.03	-5	302-0.png
78.72	0.2	20.0	12.65	0.71	151.9	0	303-0.png
30.31	5.6	15.0	5.02	0.95	202.95	15	304-0.png
63.02	3.91	22.0	6.2	1.09	158.3	-5	305-0.png
15.77	3.78	16.4	3.18	1.15	156.59	30	307-0.png
22.83	4.31	21.33	2.92	0.85	205.02	30	308-0.png
90.0	9.0	0.0	275.0	20.6	210.82	-30	310-0.png
33.81	1.37	12.4	6.74	1.46	139.39	30	312-0.png
12.74	1.67	24.57	1.85	0.75	174.74	5	313-0.png
11.44	0.49	34.38	1.92	0.98	171.88	-30	314-0.png
45.06	1.0	15.0	5.45	1.6	168.97	30	315-0.png
45.1	1.38	15.25	4.98	1.16	169.56	15	315-1.png
45.18	1.67	18.0	3.74	1.05	172.6	15	315-2.png
56.53	5.48	15.33	8.89	1.15	168.58	30	315-3.png
56.68	1.92	16.67	4.8	1.02	166.01	30	315-4.png
25.61	2.57	14.0	4.05	1.2	168.08	30	315-5.png
45.23	2.97	14.8	5.26	1.11	171.22	30	315-6.png
49.29	1.12	25.0	3.94	1.89	133.84	5	316-0.png
51.72	5.83	6.0	25.17	2.37	122.49	-5	317-0.png
33.74	3.19	9.4	9.17	4.6	153.44	-5	318-0.png
89.49	36.0	0.0	367.0	41.0	205.51	0	319-0.png
56.27	2.12	19.33	7.21	1.0	202.84	-5	320-0.png
38.57	1.86	17.25	4.7	1.24	202.77	-5	320-1.png
33.88	1.9	12.6	7.14	1.76	144.73	0	321-0.png
64.29	2.83	14.5	10.86	1.41	154.71	-15	321-1.png
38.73	3.25	13.25	6.58	1.52	149.68	0	322-0.png
30.59	0.84	17.83	4.07	1.28	149.05	-5	323-0.png
38.76	1.75	13.75	3.65	1.11	152.23	-5	324-0.png
44.98	0.16	12.2	8.43	1.46	152.55	-5	324-1.png
89.68	0.0	0.0	230.0	0.0	149.14	0	325-0.png
1.28	0.93	18.25	2.79	0.96	149.04	0	325-1.png
75.0	3.09	11.0	5.36	0.92	151.88	15	326-0.png
53.94	4.48	10.5	14.38	1.98	143.55	5	327-0.png
74.89	0.92	13.0	17.77	3.6	160.98	-15	328-0.png
65.33	4.46	13.67	10.39	2.83	157.72	-30	328-1.png
51.41	2.22	18.0	5.24	1.14	182.35	5	329-0.png
54.01	1.83	17.5	8.66	1.36	184.04	180	329-1.png
10.5	5.28	13.25	4.8	1.55	200.33	0	330-0.png
30.71	5.24	14.5	4.07	1.89	202.97	0	330-1.png
70.01	6.26	11.5	16.91	1.88	203.26	180	330-2.png
45.07	5.69	13.0	8.25	1.59	200.65	0	330-3.png
60.14	1.54	24.0	5.6	0.81	198.91	5	331-0.png
62.83	1.21	19.0	8.54	1.22	151.97	30	332-0.png
56.24	3.32	12.33	10.38	1.84	157.84	30	332-1.png
89.78	63.0	0.0	205.0	0.0	155.93	45	332-2.png
56.23	2.39	16.33	7.31	1.23	155.62	30	332-3.png
59.91	4.46	13.0	10.77	1.83	154.72	30	332-4.png
45.32	2.56	15.25	6.44	1.63	155.28	30	332-5.png
76.75	3.82	11.0	16.18	2.35	154.24	30	332-6.png
78.61	2.83	12.0	21.92	1.74	155.55	30	332-7.png
80.09	0.39	23.0	26.3	1.18	192.28	0	333-0.png
45.45	0.8	21.2	5.48	1.18	193.97	-15	333-1.png
59.99	2.02	17.33	8.5	2.12	186.67	5	333-2.png
45.08	0.85	17.6	5.1	1.29	191.53	0	333-3.png
65.51	3.39	20.33	9.87	1.35	191.76	15	333-4.png
51.36	1.87	18.67	6.54	1.36	191.04	-5	333-5.png
69.82	1.49	17.5	13.11	1.42	189.82	-5	333-6.png
0.8	1.94	17.5	2.98	1.35	190.07	0	333-7.png
40.14	2.08	16.8	4.2	1.29	188.35	-5	333-8.png
27.33	2.1	11.43	6.25	2.46	164.39	5	334-0.png
78.23	3.9	10.0	29.3	3.66	162.48	5	334-1.png
15.43	6.14	11.4	4.86	2.31	169.73	0	334-2.png
56.22	2.71	14.0	11.17	1.55	168.09	5	334-3.png
60.26	5.0	12.0	14.79	2.35	166.29	0	334-4.png
30.28	2.32	12.5	6.76	2.35	168.84	5	334-5.png
38.76	3.14	12.75	6.9	2.23	169.83	5	334-6.png
78.66	4.0	10.0	36.4	3.46	167.48	5	334-7.png
78.57	3.0	13.0	17.77	2.31	166.89	180	334-8.png
0.59	2.62	16.0	3.32	1.32	188.31	15	335-0.png
60.2	2.21	14.0	3.25	1.46	185.79	15	335-1.png
56.48	2.52	14.67	8.41	1.31	187.26	15	335-2.png
18.37	2.33	15.88	3.91	1.49	184.5	15	335-3.png
36.42	1.93	15.0	5.98	1.41	180.87	15	335-4.png
30.25	1.94	16.5	3.89	1.16	182.86	15	335-5.png
30.21	2.98	13.75	6.0	1.44	182.28	5	335-6.png
45.15	3.03	14.5	7.36	1.37	185.16	5	335-7.png
30.13	1.7	16.5	3.48	0.82	197.52	0	336-0.png
13.17	2.88	16.33	3.5	0.77	202.49	-15	336-1.png
18.24	3.45	18.25	3.07	0.67	201.25	-15	336-2.png
64.34	2.29	20.5	7.54	0.71	200.6	-5	336-3.png
30.34	6.06	16.5	4.74	0.82	201.24	-5	336-4.png
18.74	3.94	17.75	2.65	0.72	203.21	180	336-5.png
75.18	2.35	20.0	12.95	0.73	200.82	-5	336-6.png
0.38	2.9	15.5	3.1	0.87	201.63	-15	336-7.png
51.49	3.68	14.67	6.91	0.88	202.12	-15	336-8.png
64.32	1.28	12.5	12.6	1.51	132.51	-15	337-0.png
15.53	3.91	11.0	5.82	1.73	128.85	5	337-1.png
72.07	5.82	11.0	19.73	2.89	132.31	-15	337-2.png
15.72	2.9	13.8	4.51	1.17	133.1	-30	337-3.png
64.4	1.36	14.0	14.39	1.97	134.53	-30	337-4.png
0.9	4.54	13.0	3.96	1.45	138.37	-30	337-5.png
18.26	3.32	11.75	5.51	1.5	148.04	-15	337-6.png
18.24	3.57	11.5	5.26	1.45	143.37	-30	337-7.png
15.35	3.03	13.2	4.88	1.32	160.44	-30	337-8.png
78.78	1.47	17.0	17.59	0.8	174.79	15	338-0.png
60.09	1.68	18.5	7.97	0.8	177.23	30	338-1.png
0.6	1.77	19.2	2.42	0.71	171.67	15	338-2.png
13.39	2.42	16.5	3.53	0.85	179.39	15	338-3.png
20.64	1.64	16.43	3.66	0.92	171.48	5	338-4.png
54.3	2.0	16.5	6.82	0.78	177.89	15	338-5.png
30.19	2.69	16.0	3.94	0.8	175.84	30	338-6.png
30.39	1.59	17.0	3.88	0.79	178.44	15	338-7.png
64.18	2.0	15.5	8.55	0.89	177.18	15	338-8.png
54.21	3.44	14.25	7.98	1.56	158.98	15	339-0.png
51.63	4.29	14.0	8.02	1.49	158.13	180	339-1.png
15.45	6.03	14.6	4.08	1.36	160.3	180	339-2.png
45.03	7.06	11.33	8.94	2.1	193.65	5	339-3.png
11.57	3.47	15.0	3.95	1.41	158.23	15	339-4.png
27.3	2.12	14.14	5.04	1.76	155.89	0	339-5.png
38.64	4.6	15.0	4.53	1.67	154.23	15	339-6.png
22.9	3.86	14.5	4.31	1.72	155.88	180	339-7.png
38.84	4.07	14.5	5.76	2.27	153.55	5	339-8.png
45.18	4.0	14.25	5.49	1.21	151.71	-5	339-9.png
79.9	3.23	13.0	32.0	1.42	190.42	-15	340-0.png
25.91	4.6	12.6	6.19	1.8	193.99	5	340-1.png
77.13	2.7	20.0	9.7	0.93	194.25	5	340-2.png
79.93	2.54	13.0	1.92	1.7	193.47	5	340-3.png
54.09	4.42	12.0	9.67	1.85	193.29	15	340-4.png
60.17	3.19	13.5	10.81	1.66	193.23	15	340-5.png
38.8	2.89	13.5	5.41	1.69	191.99	15	340-6.png
38.69	2.53	14.25	4.18	1.49	193.02	5	340-7.png
54.09	0.86	19.75	5.33	1.25	171.97	-15	341-0.png
20.4	1.36	20.57	2.53	1.12	174.16	30	341-2.png
38.8	2.89	20.75	3.89	1.19	175.69	5	341-3.png
49.97	1.0	22.0	3.64	1.13	177.27	30	341-4.png
45.0	0.66	22.6	4.77	1.08	174.1	30	341-5.png
77.05	1.72	25.0	6.52	1.01	177.69	5	341-6.png
56.47	2.85	20.0	5.8	1.33	168.78	30	341-7.png
60.05	1.53	19.67	5.2	1.44	177.18	30	341-8.png
39.94	2.04	19.6	4.32	1.57	177.4	30	341-9.png
80.82	3.86	21.0	20.1	1.03	181.63	0	342-0.png
33.87	2.71	14.0	5.67	1.58	181.26	0	342-1.png
45.15	2.87	15.67	2.91	1.24	183.58	-5	342-2.png
56.28	2.12	19.33	6.79	1.29	185.92	5	342-3.png
63.01	5.62	15.67	9.13	1.49	184.6	0	342-4.png
44.98	3.18	16.67	5.44	1.29	185.45	0	342-5.png
51.74	2.08	16.33	8.29	1.68	182.79	180	342-6.png
64.38	2.25	16.0	11.66	1.55	181.77	-5	342-7.png
50.09	1.79	16.75	6.96	1.75	198.55	-5	342-8.png
22.79	3.17	11.67	5.4	1.62	148.92	15	343-0.png
45.23	4.97	10.67	4.69	1.64	145.39	5	343-1.png
15.35	8.19	9.4	7.09	1.83	146.71	15	343-2.png
51.53	4.45	10.33	11.35	1.89	148.6	5	343-3.png
40.11	2.95	11.2	6.14	1.91	148.38	15	343-4.png
18.48	6.61	11.5	6.3	1.76	146.66	15	343-5.png
15.32	4.82	11.2	5.86	1.82	147.13	15	343-6.png
76.91	6.1	10.0	38.7	2.11	150.28	15	343-7.png
34.03	4.3	12.8	6.83	1.62	151.42	5	343-8.png
36.17	0.97	16.5	3.96	0.93	185.3	15	344-0.png
67.43	2.0	12.5	12.32	1.27	187.27	30	344-1.png
45.15	2.46	13.0	6.72	1.68	180.52	30	344-10.png
51.65	1.45	18.67	5.07	1.05	187.6	30	344-2.png
40.33	0.44	16.0	4.92	1.01	185.28	15	344-3.png
81.25	0.57	14.0	27.21	1.37	183.62	15	344-4.png
38.69	2.62	13.0	7.25	1.49	183.92	30	344-5.png
57.16	0.26	19.25	5.01	1.01	143.76	45	344-6.png
76.59	2.74	19.0	8.84	0.88	143.53	45	344-7.png
40.16	1.85	14.6	5.85	1.34	183.48	30	344-8.png
40.45	0.94	16.0	4.38	1.4	180.85	30	344-9.png
57.21	0.25	20.25	4.47	1.16	144.2	45	345-0.png
72.97	0.88	21.5	6.35	1.14	144.27	45	345-1.png
56.22	2.56	20.33	5.44	0.93	147.09	45	345-2.png
49.01	1.51	18.6	4.31	0.94	145.15	45	345-3.png
45.07	1.72	19.2	3.88	0.99	143.24	45	345-4.png
79.88	1.45	20.0	17.55	1.14	145.57	45	345-5.png
81.53	1.05	21.0	8.76	1.24	146.28	45	345-6.png
41.15	1.01	22.83	2.82	0.8	139.2	15	346-0.png
27.78	2.32	21.14	2.77	0.98	136.21	15	346-1.png
23.07	3.02	21.5	2.59	0.99	132.06	15	346-2.png
33.2	2.19	21.43	2.62	0.94	132.06	15	346-3.png
49.35	0.96	22.8	3.38	0.93	132.11	30	346-4.png
26.54	2.98	22.17	2.39	0.96	137.4	15	346-5.png
50.16	2.28	18.0	4.85	1.03	139.83	15	346-6.png
40.24	2.62	20.6	3.48	0.97	147.26	30	346-7.png
27.14	2.93	17.43	3.51	1.86	154.88	15	346-8.png
40.18	0.98	18.4	2.61	0.91	126.37	0	347-0.png
38.87	2.39	16.75	4.91	0.96	126.66	-5	347-1.png
59.98	3.87	15.5	7.61	0.93	129.05	0	347-2.png
76.95	2.12	17.0	20.18	1.02	127.95	0	347-3.png
50.01	1.18	17.0	5.38	0.92	124.73	0	347-4.png
54.32	2.55	20.0	3.77	0.79	130.64	0	347-5.png
15.41	2.17	18.4	3.26	0.83	133.16	-5	347-6.png
30.26	1.9	20.5	2.59	0.74	130.8	0	347-7.png
56.29	1.73	19.67	5.46	0.7	133.61	0	347-8.png
69.99	2.4	15.0	12.83	0.97	178.15	-5	348-0.png
76.95	3.93	15.0	16.27	0.91	178.68	-15	348-1.png
54.07	0.9	14.5	7.38	1.11	178.96	-15	348-2.png
76.91	2.75	20.0	14.85	0.99	179.62	-15	348-3.png
69.97	2.47	15.0	14.87	1.18	178.46	-5	348-4.png
45.16	1.07	14.0	6.21	1.26	179.55	-5	348-5.png
60.1	4.36	14.0	4.14	1.26	178.55	-15	348-6.png
64.17	4.92	13.0	10.0	1.17	178.27	-15	348-7.png
33.97	3.95	15.2	3.66	1.08	176.74	-15	348-8.png
10.32	5.12	8.0	8.48	2.98	140.47	0	349-0.png
38.77	8.13	7.75	9.03	2.2	138.81	180	349-1.png
51.48	9.5	8.0	12.21	2.32	146.28	5	349-2.png
45.15	9.5	8.0	9.21	2.36	139.99	0	349-3.png
64.34	10.25	8.0	9.75	2.7	144.64	180	349-4.png
64.3	9.29	7.0	16.57	2.08	139.37	5	349-5.png
54.26	14.0	7.0	9.64	2.65	141.3	5	349-6.png
45.04	9.0	7.0	7.75	1.92	140.75	5	349-7.png
71.93	5.38	8.0	37.06	2.14	142.42	-5	349-8.png
70.02	0.08	13.0	18.23	0.92	165.05	-45	350-0.png
59.98	0.82	11.0	14.52	0.96	165.4	45	350-1.png
77.13	4.5	12.0	15.08	0.92	165.34	45	350-2.png
71.82	0.56	9.0	12.11	1.12	166.83	45	350-3.png
50.03	2.36	18.25	5.03	0.88	159.13	-15	351-0.png
48.92	1.31	16.8	7.19	0.75	158.58	-15	351-1.png
50.17	1.94	17.5	5.04	1.02	159.11	-15	351-2.png
40.93	1.19	17.6	3.8	0.95	159.15	-15	351-3.png
34.1	2.97	17.2	3.14	0.82	157.9	-15	351-4.png
77.19	2.69	16.0	12.75	1.12	169.35	45	352-0.png
60.04	2.41	17.0	6.65	2.58	168.43	30	352-1.png
64.45	3.16	19.0	4.21	0.99	168.06	30	352-2.png
80.68	2.37	19.0	19.95	0.74	167.93	15	352-3.png
39.04	4.35	14.25	6.05	1.29	167.64	30	352-4.png
81.58	1.14	22.0	19.36	0.9	170.86	15	353-0.png
89.79	45.0	0.0	392.0	2.0	207.44	-5	353-1.png
73.57	0.42	19.0	13.18	0.77	205.91	15	353-2.png
81.63	0.4	15.0	35.07	1.06	207.05	5	353-3.png
67.14	3.12	17.0	9.79	1.06	202.86	0	353-4.png
67.51	1.91	22.0	3.41	1.86	151.39	-5	354-0.png
79.29	1.89	18.0	19.44	1.54	150.73	0	354-1.png
57.23	0.93	18.25	7.27	1.55	151.01	0	354-2.png
72.03	0.0	19.0	9.24	1.49	149.92	-5	354-3.png
62.85	0.78	16.67	9.54	2.23	148.06	-5	354-4.png
77.04	2.21	14.0	20.79	0.78	179.33	-5	355-0.png
51.26	3.5	14.0	4.36	0.82	180.36	15	355-1.png
71.73	1.13	11.5	18.57	0.88	182.07	30	355-2.png
71.86	0.74	13.5	15.78	0.93	182.27	0	355-3.png
75.05	4.18	17.0	13.35	0.61	183.45	-5	355-4.png
49.52	2.87	25.4	3.11	1.25	208.71	45	356-0.png
27.38	1.86	22.0	2.78	0.92	205.32	30	356-1.png
78.65	2.14	14.0	4.57	1.45	187.88	5	357-0.png
40.09	0.71	17.0	5.61	1.08	195.02	0	357-1.png
75.09	0.93	15.0	18.47	1.23	184.69	15	357-2.png
40.25	5.52	15.4	5.66	1.15	207.76	15	359-0.png
16.73	0.99	20.11	2.68	1.12	211.12	15	360-0.png
89.44	68.0	0.0	412.0	0.0	211.4	-30	361-0.png
59.95	2.49	15.67	7.87	1.12	142.64	15	362-0.png
89.94	28.0	0.0	231.0	40.0	139.23	-5	363-0.png
45.22	2.56	25.0	2.83	1.0	154.93	-15	364-0.png
30.35	2.31	21.25	2.28	0.78	145.68	0	364-1.png
64.35	1.53	17.0	5.85	1.21	149.11	30	365-0.png
69.89	2.45	15.5	13.65	1.15	159.9	180	366-0.png
22.78	1.4	12.83	5.62	1.28	153.93	-15	367-0.png
44.96	2.57	10.5	8.33	1.96	128.56	30	368-0.png
50.12	1.45	13.75	8.95	1.35	153.06	180	369-0.png
36.14	4.25	17.67	4.11	0.72	173.04	-15	370-0.png
53.98	2.38	10.5	12.07	2.0	160.96	30	371-0.png
71.75	1.71	24.5	7.78	0.78	162.25	30	372-0.png
60.09	2.19	17.33	7.4	1.11	194.08	45	373-0.png
38.91	1.04	12.5	8.52	1.17	143.89	15	375-0.png
57.53	3.9	20.0	5.12	1.69	207.85	0	376-0.png
56.3	0.28	14.33	4.77	1.24	169.59	5	377-0.png
59.9	6.43	11.67	5.54	1.98	154.28	-5	378-0.png
72.03	3.28	12.5	10.72	1.21	146.91	-5	379-0.png
34.1	8.58	13.4	5.85	1.84	148.42	-5	379-1.png
80.94	1.5	16.0	20.88	1.38	161.3	30	380-0.png
45.13	1.15	15.6	3.6	1.13	163.05	30	380-1.png
60.01	0.49	26.5	3.38	0.0	185.16	30	382-0.png
13.73	0.13	22.83	2.62	2.23	185.19	30	382-1.png
38.52	7.54	13.0	7.46	0.78	155.68	-30	383-0.png
78.37	1.36	12.5	10.4	0.87	155.11	-30	383-1.png
40.15	1.57	16.6	4.53	1.36	140.09	15	384-0.png
27.84	0.42	19.0	3.85	1.21	137.27	0	384-1.png
49.86	1.48	18.2	5.26	2.01	135.28	5	384-2.png
41.02	0.44	18.0	4.41	1.45	138.96	15	384-3.png
34.31	1.22	16.4	6.04	2.04	137.97	-5	384-4.png
45.23	2.92	14.75	7.1	2.19	138.65	5	384-5.png
41.16	1.41	17.0	4.91	1.29	137.62	0	384-6.png
22.72	1.37	17.5	3.65	1.97	137.48	15	384-7.png
45.15	1.97	15.75	6.79	1.4	138.34	15	384-8.png
16.75	0.56	18.0	3.69	1.21	141.41	0	384-9.png
71.69	1.63	21.5	8.49	0.8	186.82	30	385-0.png
69.88	3.51	24.5	4.9	0.85	187.86	30	385-1.png
69.87	1.7	23.0	5.02	0.77	188.49	45	385-2.png
59.91	1.73	21.33	6.03	0.87	189.08	30	385-3.png
59.83	1.29	23.33	3.93	0.75	186.38	30	385-4.png
73.23	1.57	18.5	9.38	0.86	149.34	30	386-0.png
33.1	2.77	15.86	5.06	1.29	148.61	30	386-1.png
71.77	4.94	17.0	10.65	0.97	149.47	45	386-3.png
54.02	5.4	15.75	7.68	1.0	150.67	30	386-4.png
53.79	3.09	17.5	6.26	0.97	150.69	30	386-5.png
80.56	1.67	15.0	26.2	1.5	179.54	30	387-0.png
60.0	1.57	15.25	7.59	1.35	179.78	30	387-1.png
64.15	3.7	16.5	9.79	1.57	183.06	30	387-2.png
65.24	1.19	14.33	10.77	1.54	179.81	30	387-3.png
56.36	1.69	16.0	5.04	1.56	180.16	30	387-4.png
89.45	8.0	0.0	383.0	0.0	140.63	45	388-0.png
89.57	22.0	0.0	137.0	0.0	140.49	45	388-1.png
81.51	0.92	13.0	29.54	1.51	139.14	45	388-2.png
79.5	0.07	15.0	36.73	1.02	167.35	0	389-0.png
78.5	1.47	17.0	20.59	1.04	168.1	0	389-1.png
69.78	0.12	16.5	13.58	0.91	169.79	-5	389-2.png
30.28	3.24	16.33	4.86	0.84	169.15	-5	389-4.png
45.03	1.53	15.0	5.78	0.88	166.9	-15	389-5.png
69.98	0.53	24.5	8.82	1.06	156.8	-15	390-0.png
80.44	3.05	21.0	25.24	1.74	157.66	0	390-1.png
51.41	1.75	21.67	4.98	1.13	156.12	5	390-2.png
89.62	54.0	0.0	225.0	174.0	157.16	0	390-3.png
80.38	0.67	21.0	20.14	1.05	157.5	-30	390-4.png
64.36	4.07	15.0	11.87	1.79	162.52	30	391-0.png
80.49	4.44	16.0	26.75	1.11	160.53	30	391-1.png
89.31	24.0	0.0	350.0	0.0	163.16	45	391-2.png
80.47	2.86	14.0	30.0	1.84	161.69	30	391-3.png
71.8	3.2	15.0	14.67	1.66	164.41	30	391-4.png
59.51	0.93	21.5	7.33	1.02	198.04	5	392-0.png
76.64	0.86	28.0	8.54	0.98	194.96	15	392-1.png
89.25	52.0	0.0	239.0	0.0	193.41	45	392-2.png
88.8	18.0	0.0	324.0	0.0	189.24	-30	392-3.png
89.91	42.0	0.0	0.0	0.0	201.88	45	393-0.png
56.28	1.58	17.67	7.62	0.86	203.38	15	393-1.png
89.78	66.0	0.0	188.0	0.0	201.86	45	393-2.png
89.28	59.0	0.0	393.0	0.0	204.18	45	393-3.png
77.1	4.62	16.0	25.44	1.34	201.19	5	393-4.png
50.07	6.34	7.25	18.62	2.2	161.82	15	394-0.png
36.21	4.45	9.67	9.0	1.93	171.45	15	394-1.png
34.15	0.64	9.4	9.89	1.4	131.37	0	395-0.png
63.04	1.75	12.0	8.33	1.85	141.86	45	396-0.png
78.82	1.1	21.0	12.62	1.0	201.54	30	397-0.png
52.53	1.02	17.6	5.32	0.96	142.7	30	398-0.png
39.32	6.48	10.5	21.29	1.8	127.57	-5	399-0.png
70.06	0.82	19.5	10.13	1.08	145.06	15	400-0.png
53.88	6.1	9.67	12.62	1.41	130.78	-15	401-0.png
30.35	1.94	18.0	3.91	1.0	166.63	15	402-0.png
27.27	2.0	17.0	3.87	1.43	167.71	0	403-0.png
36.18	1.29	17.0	4.9	1.28	166.95	0	403-1.png
56.39	2.58	14.33	8.47	1.35	168.53	0	404-0.png
40.2	2.74	14.6	6.58	1.46	166.28	-15	405-0.png
65.52	2.93	14.0	14.86	1.75	163.93	-15	405-1.png
74.89	0.82	17.0	9.06	0.79	140.67	-5	406-0.png
76.93	5.0	10.0	1.3	2.35	148.31	0	407-0.png
75.13	5.83	12.0	17.25	1.62	156.76	180	408-0.png
56.23	2.36	11.0	11.03	2.02	157.4	5	408-1.png
36.47	1.17	21.33	3.38	0.78	167.27	5	409-0.png
36.2	1.04	23.0	3.49	0.76	166.08	5	409-1.png
45.2	0.36	11.0	8.14	1.39	145.0	5	410-0.png
45.28	3.25	12.0	9.81	2.02	151.21	15	411-0.png
33.1	0.69	18.86	4.0	1.49	176.89	5	412-0.png
38.73	3.7	13.25	6.43	1.16	146.05	-15	413-0.png
62.95	2.29	17.0	10.73	1.42	180.92	-5	414-0.png
22.8	2.55	16.83	3.48	1.4	182.74	180	414-1.png
20.38	0.8	15.0	4.22	2.31	149.27	5	415-0.png
23.19	1.61	17.38	3.83	2.02	150.47	15	415-1.png
69.94	2.0	15.0	11.9	1.92	150.31	15	415-2.png
45.22	0.07	14.33	6.71	2.97	149.79	5	415-3.png
64.45	0.0	15.8	4.46	3.07	148.12	15	415-4.png
67.49	0.57	17.67	9.23	1.74	147.32	0	415-5.png
30.51	0.38	15.83	6.12	3.19	147.75	5	415-6.png
79.48	1.0	15.0	20.0	1.12	202.67	15	416-0.png
27.25	6.26	8.14	10.26	2.36	162.68	15	417-0.png
13.43	2.75	16.0	3.47	1.66	173.71	30	418-0.png
72.1	1.45	29.0	6.07	0.62	149.73	15	419-0.png
54.13	11.33	10.5	11.38	1.58	147.36	45	420-0.png
71.86	3.67	12.0	17.58	1.26	154.11	45	420-1.png
38.58	2.49	15.25	5.85	1.41	144.18	30	421-0.png
51.1	2.55	22.33	4.76	1.05	134.17	-5	422-0.png
34.12	3.87	21.2	4.42	1.25	175.75	5	423-0.png
51.25	1.93	19.67	6.81	1.6	116.27	5	424-0.png
50.15	3.0	13.0	7.96	2.04	136.15	30	425-0.png
75.04	3.07	15.0	12.13	0.96	170.23	30	426-0.png
30.26	1.52	15.83	4.54	1.82	157.6	15	427-0.png
26.18	2.12	13.2	5.98	1.35	143.91	5	428-0.png
51.5	2.67	18.0	6.43	1.41	168.86	5	429-0.png
64.25	0.94	17.0	7.24	1.16	136.43	-5	430-0.png
49.95	1.55	15.5	5.06	1.17	170.06	45	431-0.png
64.13	8.17	11.5	14.96	1.93	148.43	45	432-0.png
69.81	2.56	12.5	14.4	1.49	140.26	45	433-0.png
56.33	1.46	11.67	11.57	1.43	175.21	15	434-0.png
59.87	2.82	11.0	9.86	1.9	132.72	45	435-0.png
67.48	4.1	10.0	8.8	1.5	127.01	-30	436-0.png
60.15	1.83	23.0	2.78	0.79	153.85	-5	439-0.png
89.54	34.0	0.0	341.0	0.0	152.91	45	439-1.png
57.41	3.7	16.75	8.4	2.77	208.9	5	440-0.png
89.61	17.0	0.0	247.0	0.0	178.75	45	441-0.png
38.66	2.67	13.5	7.02	1.47	147.49	15	442-0.png
33.92	1.55	14.8	6.03	1.73	144.85	15	442-1.png
74.97	2.41	17.0	12.18	1.17	199.42	30	443-0.png
60.04	3.1	21.0	5.68	0.87	201.24	30	443-1.png
78.71	8.54	13.0	11.77	1.37	147.05	180	444-0.png
60.07	6.31	13.0	3.72	1.56	145.38	180	444-1.png
59.98	4.74	13.5	9.7	1.68	165.46	0	445-0.png
50.15	6.17	14.75	6.44	1.43	163.35	15	445-1.png
45.19	1.48	22.25	4.53	1.29	150.82	15	446-0.png
57.27	2.44	23.75	5.03	1.38	153.9	15	446-1.png
0.87	1.65	15.12	3.4	0.98	136.93	0	447-0.png
78.2	0.6	15.0	27.47	1.53	136.81	5	447-1.png
51.19	3.71	14.0	9.64	1.73	159.83	-15	448-0.png
22.85	4.08	13.0	5.01	1.6	156.93	0	448-1.png
13.13	2.3	16.5	3.63	1.04	139.98	15	449-0.png
64.49	4.06	18.0	10.19	0.92	140.36	15	449-1.png
33.2	0.49	16.43	4.86	1.65	157.28	0	450-0.png
23.07	2.8	15.0	5.07	1.91	154.75	-5	450-1.png
0.21	2.3	17.43	2.95	2.25	166.01	15	451-0.png
44.38	0.36	19.67	3.17	1.74	167.59	15	451-1.png
39.09	2.91	17.5	5.77	1.21	175.63	180	452-0.png
64.21	3.09	17.5	7.37	1.19	181.78	5	452-1.png
26.75	5.35	17.0	4.65	1.02	154.45	0	453-0.png
67.14	2.5	20.0	11.03	0.97	155.28	5	453-1.png
30.13	2.08	13.0	6.76	1.82	148.11	15	454-0.png
13.56	3.44	13.67	4.68	1.6	145.32	15	454-1.png
74.98	3.54	13.0	20.38	1.19	148.19	15	454-2.png
90.0	26.0	0.0	0.0	0.0	150.74	45	454-3.png
51.43	3.38	13.0	8.49	1.71	147.25	15	454-4.png
69.83	1.81	15.5	8.58	0.83	145.01	15	455-0.png
60.23	2.05	19.0	18.32	0.78	144.1	15	455-1.png
51.39	2.65	17.33	5.79	0.93	145.82	15	455-2.png
56.55	2.41	17.0	5.67	0.97	145.9	15	455-3.png
50.0	2.32	18.5	5.19	0.83	146.85	-5	455-4.png
78.43	3.56	18.0	20.67	1.73	142.86	15	456-0.png
67.19	4.06	15.5	11.23	1.97	145.56	30	456-1.png
89.44	37.0	0.0	310.0	0.0	149.76	45	456-2.png
68.86	1.15	17.33	11.38	1.74	150.69	30	456-3.png
67.45	1.39	18.67	8.09	1.95	150.19	30	456-4.png
44.84	0.49	34.8	3.6	1.1	156.76	-45	457-0.png
89.89	82.0	0.0	39.0	0.0	182.16	45	458-0.png
60.04	5.71	14.0	10.0	1.05	171.7	-15	458-1.png
51.48	1.98	15.67	5.83	1.06	178.28	-15	458-2.png
60.11	2.41	20.33	6.52	1.1	140.19	45	459-0.png
69.92	1.94	17.0	10.06	1.65	155.0	30	460-0.png
88.33	9.0	0.0	457.0	19.99	140.73	-30	461-0.png
18.86	7.49	11.75	4.51	1.06	135.39	15	462-0.png
89.83	45.0	0.0	0.0	0.0	132.48	45	463-0.png
57.25	2.1	15.25	8.85	2.34	145.17	0	464-0.png
69.89	4.48	16.5	10.45	1.83	147.58	15	465-0.png
54.2	2.1	20.5	6.24	0.82	155.79	15	466-0.png
77.04	6.12	8.0	31.62	3.08	143.77	-30	467-0.png
49.96	2.0	14.5	7.45	1.29	160.71	30	468-0.png
89.74	22.0	0.0	272.0	0.0	157.73	45	469-0.png
56.41	3.15	13.0	9.64	1.66	143.17	15	470-0.png
23.08	0.61	18.17	3.5	1.01	137.88	15	471-0.png
60.0	0.48	23.0	4.94	0.76	148.35	0	472-0.png
53.91	1.52	14.5	7.1	1.51	147.72	45	473-0.png
67.36	2.2	15.0	8.97	1.25	145.65	45	474-0.png
62.95	1.74	12.67	8.84	0.91	140.15	45	475-0.png
18.65	3.66	15.57	3.9	1.39	168.62	-5	476-0.png
56.29	0.67	19.5	6.03	1.14	133.71	180	477-0.png
18.34	1.81	19.88	3.16	1.11	145.16	0	478-0.png
89.81	73.0	0.0	0.0	0.0	161.02	45	479-0.png
76.97	1.95	19.0	18.32	1.0	155.02	15	480-0.png
22.98	2.39	21.33	2.68	0.94	153.93	15	480-1.png
51.4	2.67	15.33	8.85	1.18	159.92	180	481-0.png
51.52	2.57	16.33	8.41	1.28	160.14	5	481-1.png
69.77	3.18	11.0	18.95	1.91	172.78	30	482-0.png
50.32	4.37	10.75	9.14	2.04	156.9	30	482-1.png
29.96	4.08	17.67	4.0	1.06	209.17	30	483-0.png
79.92	2.65	20.0	15.6	1.13	206.99	30	483-1.png
76.8	5.17	12.0	32.33	1.28	160.04	15	484-0.png
59.88	7.0	10.0	8.43	1.76	159.49	15	484-1.png
1.81	0.1	20.56	2.39	1.44	173.7	5	485-0.png
89.66	0.0	0.0	120.0	0.0	164.75	45	486-0.png
76.97	2.53	17.0	17.06	0.97	163.08	-15	486-1.png
64.34	5.88	8.5	18.88	2.0	133.99	5	487-0.png
79.73	33.0	0.0	343.0	10.17	133.51	-15	487-1.png
26.1	2.99	13.4	4.94	1.45	164.37	0	488-0.png
30.23	4.39	12.75	5.35	1.36	161.69	5	488-1.png
77.19	0.0	17.0	4.29	1.33	169.19	-15	489-0.png
50.08	1.97	16.75	5.57	1.21	169.26	-15	489-1.png
89.37	53.0	0.0	270.0	0.0	153.02	45	490-0.png
45.23	9.84	12.5	8.84	1.43	154.79	30	490-1.png
59.89	2.63	17.5	7.2	1.12	145.08	15	491-0.png
0.42	4.22	15.4	3.31	1.01	143.02	15	491-1.png
45.38	3.37	9.5	7.66	1.58	147.57	15	492-0.png
30.11	0.98	14.33	5.41	1.46	151.56	15	492-1.png
56.42	1.8	18.33	7.22	1.44	193.16	180	493-0.png
64.44	3.77	17.5	8.57	1.31	193.31	0	493-1.png
45.37	2.41	13.67	7.27	2.02	166.01	0	494-0.png
33.99	3.18	13.2	5.0	1.67	166.92	5	494-1.png
23.03	4.8	15.0	3.89	1.17	180.42	15	495-0.png
36.44	6.23	13.0	5.08	1.4	179.27	5	495-1.png
18.33	5.61	14.25	4.46	1.31	180.39	15	495-2.png
59.83	2.37	20.67	5.98	1.36	165.37	15	496-0.png
78.6	1.8	20.0	13.4	2.1	165.83	30	496-1.png
67.16	5.33	10.5	17.57	2.11	168.42	15	496-2.png
74.41	0.78	20.5	14.39	1.76	165.19	30	496-3.png
45.27	1.4	29.33	3.36	0.7	171.34	15	497-0.png
45.03	2.56	27.75	3.5	0.7	136.88	-5	497-1.png
59.93	4.37	27.67	4.28	0.62	139.32	-5	497-2.png
89.76	69.0	0.0	224.0	0.0	136.48	-15	497-3.png
49.32	3.28	17.4	6.1	0.98	141.08	-15	498-0.png
64.29	2.11	19.0	6.5	0.96	140.46	-15	498-1.png
69.83	1.54	17.5	8.03	1.03	144.58	-5	498-2.png
69.9	1.19	18.5	9.86	0.79	146.1	-15	498-3.png
18.71	0.24	16.75	2.76	0.89	145.9	-15	498-4.png
77.26	0.36	28.0	7.68	1.12	133.9	15	499-0.png
50.02	1.24	19.4	5.05	1.41	141.11	15	500-0.png
36.44	0.5	20.0	3.23	1.05	171.13	30	501-0.png
36.23	0.85	13.0	7.36	1.53	140.43	5	502-0.png
67.3	5.72	14.5	14.14	1.36	157.34	5	503-0.png
78.44	5.21	14.0	18.64	0.98	153.65	30	504-0.png
59.74	1.67	20.33	7.67	1.39	195.32	5	505-0.png
30.69	1.32	21.25	2.84	1.18	143.57	-5	506-0.png
64.15	0.56	19.5	9.67	0.94	147.71	-5	508-0.png
89.84	18.0	0.0	384.0	27.58	125.57	-15	509-0.png
67.24	1.84	18.5	9.81	1.36	161.37	0	510-0.png
78.58	3.14	14.0	15.71	1.02	145.2	30	511-0.png
45.27	0.52	19.25	4.64	1.26	159.44	5	512-0.png
89.56	26.0	0.0	291.0	0.0	132.71	45	513-0.png
56.24	1.52	21.0	5.98	0.79	127.09	15	513-1.png
52.28	1.88	16.0	6.2	1.95	198.09	30	514-0.png
0.25	0.58	18.83	1.81	0.78	187.0	0	514-1.png
63.84	0.57	21.0	7.21	1.25	172.01	0	515-0.png
33.56	1.35	16.29	4.35	2.03	173.25	-5	516-0.png
30.5	3.59	18.12	3.33	1.77	165.02	0	517-0.png
12.16	1.06	15.14	3.94	1.0	134.01	0	518-0.png
77.17	0.69	16.0	14.62	1.65	152.3	30	519-0.png
33.35	0.42	14.29	4.91	1.62	145.57	30	520-0.png
45.28	1.18	18.67	4.34	1.28	141.81	15	521-0.png
27.36	1.71	17.57	5.2	1.35	158.27	5	522-0.png
77.17	1.65	17.0	19.35	1.1	167.51	5	523-0.png
71.36	1.61	23.0	9.43	0.72	172.75	30	524-0.png
30.29	3.05	19.33	3.11	0.8	150.82	45	525-0.png
64.43	0.67	28.5	3.88	0.56	178.81	30	526-0.png
67.62	2.18	16.5	8.7	1.64	180.69	30	527-0.png
45.29	5.0	13.0	6.63	1.47	158.75	30	527-1.png
59.93	1.36	18.33	8.0	0.95	159.74	0	528-0.png
37.76	2.93	14.0	5.3	1.14	157.82	30	529-0.png
38.71	2.1	15.75	4.84	1.31	185.74	45	530-0.png
41.23	5.11	12.33	6.53	1.47	128.5	0	531-0.png
45.18	0.11	17.6	4.12	0.77	179.17	-30	532-0.png
36.18	2.4	16.67	5.06	1.74	157.88	15	533-0.png
45.55	1.48	23.0	3.73	1.46	169.36	45	534-0.png
45.16	2.4	20.0	4.25	1.23	196.58	30	535-0.png
62.87	3.46	19.67	5.98	0.91	158.32	30	536-0.png
30.25	2.53	14.25	4.46	1.78	151.69	15	537-0.png
74.87	3.0	17.0	8.12	1.25	147.91	0	538-0.png
89.88	34.0	0.0	328.0	0.0	168.16	45	539-0.png
69.9	1.03	14.5	12.59	1.44	164.88	15	540-0.png
40.38	2.16	19.0	3.86	1.25	178.34	180	541-0.png
50.33	2.85	21.75	6.08	1.19	147.26	5	542-0.png
56.45	1.08	20.33	8.02	1.66	147.49	15	542-1.png
74.95	4.64	11.0	20.27	1.05	170.1	-15	543-0.png
56.13	3.22	13.67	7.61	1.49	172.5	15	544-0.png
69.93	5.29	17.0	13.03	1.4	173.99	-15	544-1.png
62.79	6.34	14.67	12.66	1.94	172.17	15	544-2.png
56.41	7.84	14.67	7.64	1.57	173.21	15	544-3.png
78.77	8.75	12.0	37.08	1.57	171.52	15	544-4.png
89.84	33.0	0.0	250.0	26.68	154.28	30	545-0.png
90.0	22.0	0.0	290.0	19.75	153.85	5	545-1.png
0.92	2.69	26.8	1.14	0.75	154.64	-15	545-2.png
0.0	1.77	24.8	1.26	0.87	151.93	-15	545-3.png
25.18	3.7	18.62	2.81	1.16	176.35	30	546-0.png
78.89	1.39	31.0	6.97	0.84	176.62	30	546-1.png
24.66	4.75	16.62	3.89	1.31	177.72	15	546-2.png
44.92	2.12	16.0	4.86	1.37	176.21	15	546-3.png
34.01	2.9	16.2	4.59	1.88	174.97	15	546-4.png
71.92	1.38	19.5	8.31	0.8	168.96	15	547-0.png
65.4	1.91	18.33	6.2	0.79	168.54	15	547-1.png
49.08	2.01	17.4	4.63	0.82	169.85	30	547-2.png
40.22	1.55	19.4	3.46	0.76	169.77	30	547-3.png
53.88	1.8	17.75	5.37	0.86	167.54	15	547-4.png
38.67	8.72	9.75	9.72	1.33	136.0	15	548-0.png
67.5	12.62	8.0	15.25	1.51	134.65	5	548-1.png
51.49	14.53	6.33	11.47	2.1	134.05	15	548-2.png
51.6	10.18	9.33	15.21	1.75	135.8	15	548-3.png
45.34	9.0	7.0	3.0	2.13	131.43	15	548-4.png
53.99	4.79	16.5	9.0	1.38	180.99	15	549-0.png
38.85	1.9	20.5	4.45	1.25	183.53	15	549-1.png
89.94	72.0	0.0	271.0	0.0	185.78	45	549-2.png
74.95	2.94	16.0	11.62	1.6	187.56	15	549-3.png
23.12	1.41	13.5	5.78	1.33	185.85	15	549-4.png
74.94	1.18	22.0	14.27	0.91	186.01	0	550-0.png
60.22	4.22	13.5	10.0	2.22	168.48	5	550-1.png
64.29	2.61	16.5	10.24	0.91	169.28	5	550-2.png
0.86	5.23	11.67	4.53	1.19	167.39	5	550-3.png
51.42	4.36	14.0	6.64	1.23	166.18	5	550-4.png
78.63	4.11	9.0	36.89	2.3	143.93	45	551-0.png
45.14	9.94	7.75	12.87	2.36	139.39	45	551-1.png
45.16	5.0	8.0	15.12	2.66	137.26	45	551-2.png
33.96	4.4	8.4	9.29	2.27	139.48	45	551-3.png
20.5	1.08	9.29	8.38	2.32	145.93	45	551-4.png
56.28	8.07	9.67	14.14	2.37	142.62	30	551-5.png
67.49	7.05	10.5	16.57	1.96	141.58	45	551-6.png
22.7	4.7	10.0	7.83	1.81	142.26	45	551-7.png
51.38	9.2	10.0	11.27	2.44	146.32	30	551-8.png
30.28	7.25	8.0	10.21	2.83	134.17	30	551-9.png
51.57	3.06	15.67	6.19	1.08	196.04	-15	552-0.png
72.1	4.08	13.0	8.54	1.33	192.48	-15	552-1.png
45.17	2.37	14.75	6.66	1.16	191.32	-15	552-2.png
30.39	3.1	16.75	3.96	1.07	196.97	-15	552-3.png
13.34	2.8	15.0	4.28	1.21	192.43	-15	552-4.png
13.37	3.45	14.5	3.77	1.42	192.27	-5	552-5.png
38.68	4.29	14.0	7.07	1.44	193.37	-5	552-6.png
0.79	3.12	16.0	3.26	1.24	193.47	-5	552-7.png
0.75	3.63	15.17	3.32	1.37	195.01	-15	552-8.png
50.12	1.85	16.25	6.69	1.24	192.81	-5	552-9.png
22.96	1.67	17.33	4.4	1.82	139.55	30	553-0.png
15.69	1.16	16.33	3.85	1.63	146.23	30	553-1.png
30.86	0.57	17.6	3.88	1.34	160.03	45	554-0.png
36.3	1.45	19.33	3.35	1.02	171.21	30	555-0.png
30.54	1.37	19.0	3.87	1.11	173.8	15	555-1.png
72.01	1.33	18.0	7.64	0.98	170.69	45	555-2.png
59.95	0.96	11.5	11.22	1.64	139.05	30	556-0.png
45.48	1.08	20.33	4.25	1.53	160.0	30	558-0.png
45.22	1.29	14.75	6.12	1.36	163.7	180	559-0.png
45.24	0.85	13.0	6.23	1.3	166.87	5	559-1.png
40.01	5.75	13.4	6.54	1.05	184.99	0	560-0.png
38.8	3.77	13.0	7.63	1.17	180.25	0	560-1.png
89.49	5.8	7.93	5.07	3.57	149.15	-5	561-0.png
90.0	16.0	1.75	59.86	16.55	152.22	-30	561-1.png
30.51	1.84	16.33	5.33	2.12	194.01	15	562-0.png
30.41	2.93	14.33	5.12	2.5	196.84	30	562-1.png
33.97	2.61	18.0	4.09	1.2	169.19	30	563-0.png
67.56	1.62	18.5	7.32	0.92	169.04	30	563-1.png
54.18	4.94	16.0	8.41	1.6	144.59	30	564-0.png
45.25	1.43	14.0	6.34	1.51	145.98	30	565-0.png
89.75	40.0	0.0	53.0	0.0	135.41	45	566-0.png
45.49	2.26	17.25	5.12	1.07	139.66	-5	567-0.png
69.81	2.23	17.5	9.91	0.99	146.04	180	567-1.png
49.13	2.27	17.2	5.52	1.12	144.48	180	567-2.png
53.75	1.28	18.0	2.79	1.04	157.2	5	567-3.png
56.31	1.64	17.67	5.72	1.04	137.93	180	567-4.png
71.84	1.68	18.5	8.62	0.83	137.27	180	567-5.png
36.39	1.37	21.14	2.74	1.38	194.5	30	568-0.png
89.67	63.0	0.0	287.0	0.0	155.06	45	569-0.png
30.8	0.83	21.67	2.55	1.01	142.9	15	570-0.png
75.0	3.2	15.0	13.07	0.83	165.58	45	571-0.png
45.06	2.5	14.4	4.08	1.86	162.66	5	572-0.png
56.38	8.82	11.0	13.09	1.71	171.58	30	573-0.png
25.85	4.18	12.2	6.52	2.01	197.61	5	574-0.png
60.56	1.74	9.2	9.87	3.18	182.79	0	575-0.png
89.71	38.0	0.0	293.0	0.0	172.24	45	576-0.png
67.43	2.0	22.5	8.69	2.32	137.15	15	577-0.png
72.03	1.85	27.0	8.85	0.96	148.39	0	577-1.png
45.24	2.07	15.0	5.84	1.89	159.43	30	578-0.png
64.27	3.52	10.5	21.33	2.46	159.84	45	579-0.png
60.02	1.87	17.67	6.47	1.1	200.31	30	580-0.png
30.2	3.82	17.0	3.69	2.63	154.1	45	581-0.png
64.31	1.35	17.0	2.06	0.94	171.48	0	582-0.png
56.24	0.87	18.33	6.42	0.75	171.41	-5	582-1.png
64.07	1.52	21.0	6.05	0.77	173.41	-15	582-2.png
30.28	2.29	17.5	4.01	0.92	173.04	-5	582-3.png
57.32	3.72	18.0	5.58	0.77	150.84	-5	582-4.png
30.11	0.41	22.17	3.5	0.64	175.02	15	583-0.png
69.64	0.98	25.5	4.57	0.51	173.19	30	583-1.png
38.93	1.63	24.5	2.65	0.64	175.01	30	583-2.png
67.63	0.87	23.0	5.83	0.67	173.63	15	583-3.png
22.82	1.02	22.5	2.66	0.77	175.92	15	583-4.png
26.3	0.95	15.8	3.33	1.43	142.58	15	584-0.png
22.89	4.28	16.83	3.77	1.25	145.12	5	584-1.png
13.42	1.14	17.5	3.41	1.34	142.41	15	584-2.png
45.16	1.11	15.25	5.93	1.74	140.23	15	584-3.png
56.48	3.54	16.67	9.22	1.3	147.15	15	584-4.png
67.43	3.23	13.0	12.35	4.1	179.08	0	585-0.png
59.67	1.28	22.6	4.26	0.94	177.65	0	585-1.png
90.0	15.0	3.0	10.67	12.62	177.79	-15	585-2.png
89.75	29.0	1.0	492.0	38.34	177.88	-5	585-3.png
1.26	2.29	19.62	2.57	1.37	179.64	-5	585-4.png
51.52	2.78	18.33	4.44	1.05	197.7	30	586-0.png
51.51	2.07	22.67	4.12	0.79	200.6	15	586-1.png
16.31	2.48	22.2	2.09	0.85	199.78	5	586-2.png
45.17	1.96	24.0	3.03	0.74	200.92	30	586-3.png
40.24	5.07	15.0	4.83	1.39	153.73	180	587-0.png
51.67	6.75	16.0	6.69	1.35	153.03	15	587-1.png
13.31	6.76	14.5	3.33	1.34	155.65	15	587-2.png
71.97	3.38	14.5	7.55	1.25	156.18	5	587-3.png
64.14	4.97	14.5	7.48	2.02	158.95	0	588-0.png
51.57	4.5	13.33	7.03	1.82	159.98	180	588-1.png
56.46	3.65	12.33	10.22	2.22	156.31	0	588-2.png
10.68	3.77	13.25	4.52	1.85	161.14	180	588-3.png
45.23	4.24	12.5	7.92	2.01	157.93	0	588-4.png
15.83	7.19	12.8	5.34	2.43	159.8	5	588-5.png
18.45	2.94	10.88	6.39	2.26	159.53	180	588-6.png
34.27	3.81	12.6	6.16	2.21	162.35	5	588-7.png
30.42	4.42	12.0	6.79	1.94	158.37	5	588-8.png
67.52	4.64	12.5	10.76	1.97	160.05	0	588-9.png
59.62	1.7	10.0	12.75	2.84	165.84	15	589-0.png
63.1	3.18	11.0	13.33	1.57	143.2	45	590-0.png
0.87	3.93	14.0	3.98	1.3	150.01	30	591-0.png
40.53	4.93	14.2	4.65	1.2	133.38	45	592-0.png
30.36	4.06	17.0	4.66	1.02	155.73	-5	593-0.png
57.3	2.25	17.75	5.11	1.04	148.05	45	594-0.png
63.87	4.44	13.5	10.11	1.5	142.62	30	595-0.png
45.23	1.31	26.0	4.72	1.11	150.51	-5	596-0.png
36.33	3.48	16.67	4.52	0.69	148.46	0	597-0.png
27.24	2.51	17.14	3.53	1.05	161.91	45	598-0.png
79.94	3.94	16.0	23.81	1.08	159.88	45	598-1.png
25.28	3.7	13.5	4.76	1.07	154.7	-5	599-0.png
18.23	5.81	14.12	4.56	0.92	154.31	0	599-1.png
13.34	5.92	11.83	5.72	1.73	175.46	30	600-0.png
33.88	1.95	16.4	4.66	1.11	155.52	30	601-0.png
1.13	4.83	18.0	2.75	1.22	167.79	5	602-0.png
50.07	4.29	17.25	4.74	1.62	164.57	30	603-0.png
23.12	0.26	19.6	3.02	0.97	164.65	0	604-0.png
45.24	3.19	15.67	4.4	0.78	166.27	30	605-0.png
78.8	3.71	17.0	24.0	1.31	162.44	0	606-0.png
30.31	3.65	16.17	4.23	1.86	147.6	15	607-0.png
18.26	5.66	13.25	5.43	1.39	128.84	0	608-0.png
22.98	0.17	23.22	2.39	1.85	157.43	30	609-0.png
56.4	2.63	13.67	7.83	1.2	131.53	5	610-0.png
1.17	0.79	29.0	0.93	0.74	200.09	-15	611-0.png
17.12	2.6	12.7	4.4	2.04	190.68	-5	612-0.png
38.77	7.88	8.0	12.42	2.95	134.65	-15	613-0.png
59.9	1.31	16.0	6.34	1.6	156.84	-30	614-0.png
45.22	2.16	14.33	3.91	1.25	150.28	5	615-0.png
60.01	2.3	23.0	4.13	0.94	135.23	0	616-0.png
54.27	2.4	20.0	4.9	1.2	146.41	15	617-0.png
72.2	3.83	18.0	11.22	0.84	143.82	30	618-0.png
11.92	3.46	11.86	5.89	1.75	144.37	-5	619-0.png
71.82	2.39	18.0	8.67	1.26	144.6	30	620-0.png
25.92	4.75	11.8	5.83	1.34	133.84	-5	621-0.png
51.42	4.11	11.67	10.14	1.07	135.74	180	622-0.png
51.59	7.5	9.33	14.5	1.95	139.37	30	623-0.png
89.43	68.0	0.0	178.0	0.0	160.97	45	624-0.png
74.95	2.89	18.0	12.22	0.85	170.67	30	625-0.png
38.63	1.85	19.5	4.1	1.12	181.59	5	626-0.png
56.29	1.39	18.0	7.7	1.53	189.57	15	627-0.png
38.72	3.65	14.25	4.82	1.96	135.69	15	628-0.png
34.52	2.94	20.4	2.68	0.84	189.07	-30	629-0.png
30.22	2.62	10.67	7.02	1.42	141.17	-15	630-0.png
80.03	1.75	20.0	14.85	0.91	181.01	30	631-0.png
45.08	2.0	12.5	5.66	1.51	168.29	5	632-0.png
66.84	7.15	13.0	17.46	1.42	158.21	30	633-0.png
89.85	45.0	0.0	674.0	32.57	153.92	-5	634-0.png
88.99	12.0	0.0	502.0	28.95	157.43	-30	634-1.png
51.04	2.16	20.8	4.46	2.05	157.83	30	634-2.png
30.03	1.56	18.62	2.94	1.8	156.73	30	634-3.png
26.84	0.87	23.11	2.2	0.9	165.44	30	634-4.png
36.16	0.8	21.33	2.44	2.04	176.7	30	634-5.png
23.26	1.44	22.29	2.07	0.92	179.1	30	634-6.png
60.05	0.77	23.5	15.06	1.69	178.56	0	634-7.png
44.8	2.1	20.0	4.39	1.59	177.82	30	634-8.png
51.52	4.35	13.33	6.5	1.45	154.4	15	635-0.png
36.2	5.77	13.33	5.15	1.45	152.03	180	635-1.png
30.87	5.04	13.5	5.59	1.43	155.23	15	635-2.png
56.36	1.69	13.0	8.59	1.47	151.58	-5	635-3.png
51.53	3.43	14.0	9.76	1.4	155.18	15	635-4.png
15.99	5.23	12.8	5.22	1.4	151.93	5	635-5.png
26.08	3.25	12.6	5.08	1.6	153.55	0	635-6.png
26.38	3.53	13.6	4.82	1.45	150.91	15	635-7.png
67.44	2.96	13.5	10.33	1.35	153.64	180	635-8.png
1.11	5.61	14.8	3.54	1.58	152.02	15	635-9.png
56.43	1.22	18.0	6.48	0.7	129.78	15	636-0.png
45.39	3.15	13.33	7.1	1.31	167.78	15	637-0.png
36.43	5.49	13.67	5.11	2.43	155.62	30	638-0.png
44.79	0.29	17.25	4.03	0.64	156.14	45	639-0.png
60.15	1.15	21.75	3.52	1.25	159.61	45	640-0.png
13.82	2.91	16.83	3.66	0.96	167.48	-5	641-0.png
45.43	2.02	21.33	5.14	0.92	140.19	180	642-0.png
50.11	1.61	26.75	4.62	0.88	161.23	-5	643-0.png
33.97	1.2	20.8	2.62	0.82	156.72	30	644-0.png
13.25	2.49	15.67	3.97	0.93	172.57	30	645-0.png
51.52	0.7	27.0	3.31	0.59	168.9	30	648-0.png
73.58	0.39	23.0	6.48	0.91	171.14	30	649-0.png
45.22	1.03	14.6	6.82	1.6	170.57	0	650-0.png
26.23	2.29	17.0	4.75	1.72	168.53	5	651-0.png
60.14	3.86	14.5	7.69	1.6	161.0	0	652-0.png
75.04	4.0	12.0	6.42	1.67	149.41	15	653-0.png
69.4	1.42	22.5	6.82	0.86	167.42	45	654-0.png
60.12	0.58	19.0	5.32	1.13	154.63	45	655-0.png
27.54	4.39	15.71	5.2	1.78	151.82	-15	658-0.png
55.8	3.53	17.0	5.88	1.68	150.56	5	658-1.png
57.62	0.53	22.5	4.51	0.91	152.97	15	659-0.png
22.92	2.86	17.5	10.09	1.77	130.81	5	660-0.png
33.93	1.81	21.0	3.71	0.8	132.2	15	661-0.png
64.4	2.76	14.5	3.62	1.28	165.26	30	662-0.png
76.99	0.24	12.5	17.2	1.22	125.8	15	663-0.png
51.55	1.27	15.0	8.13	1.32	131.81	15	664-0.png
45.15	1.73	13.29	6.8	1.92	176.38	-45	665-0.png
51.51	3.83	12.0	9.67	1.59	126.58	30	666-0.png
51.52	4.23	13.0	3.62	1.61	129.39	-5	667-0.png
40.23	0.56	14.2	4.76	1.58	160.72	15	668-0.png
23.3	7.89	11.67	5.97	1.86	135.1	-15	669-0.png
54.1	2.03	20.67	6.21	1.38	168.61	0	670-0.png
50.8	1.71	24.0	3.64	0.95	165.7	15	670-1.png
67.34	2.74	21.5	5.07	1.1	167.33	15	670-2.png
20.74	1.65	21.78	2.6	1.39	169.92	15	670-3.png
0.99	1.62	21.0	2.3	1.42	167.66	5	670-4.png
30.9	2.02	19.33	3.73	1.65	167.69	5	670-5.png
15.45	1.95	20.0	3.81	1.62	163.47	15	670-6.png
60.31	1.21	19.0	17.13	2.18	169.2	-5	670-7.png
59.62	1.66	22.33	6.57	1.6	166.9	15	670-8.png
33.67	2.05	21.0	2.78	1.88	164.36	5	670-9.png
16.72	2.57	11.67	5.94	2.16	142.54	-5	671-0.png
24.91	2.11	11.38	5.9	1.97	145.38	180	671-1.png
27.38	3.98	12.57	6.03	1.43	151.0	0	671-10.png
11.77	5.0	13.0	4.79	1.53	150.85	0	671-2.png
40.52	3.41	12.6	6.06	1.68	148.26	-15	671-4.png
30.4	5.44	12.5	5.83	1.47	151.43	0	671-5.png
57.48	2.12	12.25	9.61	1.55	151.69	0	671-6.png
65.67	2.21	14.0	11.81	1.32	148.78	180	671-7.png
71.98	4.17	11.5	16.7	1.6	148.31	0	671-8.png
18.41	4.04	12.38	5.11	1.42	153.32	0	671-9.png
71.56	0.15	6.67	36.5	4.98	161.12	-15	672-0.png
